  397  403  
  616  642  
  771  988  
  1032  1046  
  1308  1319  
  1652  1731  
  1868  1897  
  2372  2380  
  2410  2422  
  2613  2778  
  3029  3139  
  3234  3255  
  3606  3652  
  3825  3859  
  4342  4373  
  4608  4633  
  4731  4870  
  4950  5010  
  5071  5119  
  5208  5281  
  5485  5638  
  5821  5959  
  6112  6118  
  6470  6485  
  6818  6848  
  7124  7174  
  7635  7659  
  7818  7876  
  8113  8243  
  8328  8350  
  8684  8690  
  9176  9223  
  9646  9735  
  9904  9906  
  10078  10114  
  10394  10457  
  10945  10954  
  11072  11117  
  11340  11367  
  11607  11631  
  11917  11921  
  12144  12165  
  12280  12297  
  12784  12853  
  13307  13326  
  13416  13444  
  13940  13959  
  14090  14130  
  14444  14463  
  14862  14903  
  15260  15319  
  15668  15684  
  16108  16159  
  16465  16475  
  16940  16945  
  17242  17257  
  17367  17550  
  17957  17999  
  18088  18139  
  18221  18228  
  18439  18469  
  18864  18882  
  19251  19291  
  19307  19373  
  19871  19886  
  20377  20456  
  20857  20928  
  21214  21271  
  21520  21638  
  22055  22076  
  22536  22565  
  23015  23034  
  23164  23235  
  23606  23609  
  23878  23895  
  24175  24218  
  24232  24469  
  24841  24851  
  25349  25402  
  25860  25957  
  26299  26322  
  26776  26852  
  26855  26896  
  27137  27139  
  27595  27622  
  28077  28084  
  28333  28366  
  28863  28903  
  28952  29040  
  29217  29242  
  29587  29716  
  30078  30093  
  30139  30248  
  30468  30503  
  30990  31037  
  31192  31201  
  31220  31248  
  31620  31699  
  31727  31772  
  32228  32365  
  32599  32611  
  32903  32961  
  33215  33232  
  33696  33700  
  33964  33981  
  34039  34062  
  34486  34542  
  34914  34917  
  35210  35290  
  35570  35640  
  35674  35726  
  36020  36053  
  36076  36082  
  36453  36569  
  36641  36641  
  36672  36675  
  36892  36955  
  37072  37082  
  37169  37182  
  37185  37241  
  37367  37414  
  37785  37848  
  37897  37963  
  38369  38383  
  38776  38817  
  38864  38896  
  38908  38970  
  39246  39292  
  39402  39506  
  40002  40109  
  40343  40362  
  40507  40563  
  40845  40883  
  41281  41319  
  41745  41764  
  41947  41958  
  42155  42229  
  42325  42396  
  42431  42605  
  42803  42840  
  43118  43177  
  43235  43238  
  43582  43593  
  43610  43660  
  44033  44140  
  44426  44496  
  44858  44871  
  44886  44900  
  44954  44986  
  45354  45396  
  45463  45479  
  45575  45651  
  45772  45850  
  45967  45985  
  46121  46122  
  46160  46201  
  46219  46228  
  46390  46422  
  46480  46502  
  46946  46974  
  47368  47405  
  47661  47742  
  47871  47883  
  48372  48394  
  48612  48622  
  49035  49085  
  49259  49317  
  49419  49437  
  49843  49878  
  50276  50291  
  50504  50601  
  51083  51145  
  51419  51557  
  51589  51613  
  51679  51756  
  52153  52251  
  52372  52446  
  52746  52828  
  53149  53162  
  53496  53497  
  53767  53847  
  54009  54040  
  54321  54517  
  54840  54881  
  55181  55205  
  55379  55455  
  55497  55503  
  55880  55886  
  56346  56389  
  56637  56648  
  56899  56961  
  56974  56976  
  56982  57080  
  57372  57427  
  57682  57747  
  57863  57886  
  57944  57956  
  58387  58488  
  58719  58719  
  59205  59228  
  59672  59698  
  59879  59994  
  60340  60406  
  60852  60887  
  61343  61376  
  61718  61765  
  62260  62268  
  62375  62425  
  62576  62609  
  62694  62713  
  62943  63002  
  63222  63229  
  63259  63288  
  63452  63465  
  63670  63693  
  64149  64172  
  64582  64835  
  64983  65200  
  65682  65706  
  66179  66320  
  66612  66682  
  67034  67143  
  67236  67415  
  67644  67719  
  68047  68102  
  68105  68161  
  68560  68575  
  68893  68953  
  68961  68961  
  69193  69240  
  69508  69521  
  69836  69843  
  70052  70078  
  70179  70238  
  70442  70492  
  70828  70881  
  70889  71063  
  71445  71455  
  71861  71931  
  72012  72064  
  72187  72378  
  72716  72746  
  72787  72911  
  73270  73272  
  73758  73784  
  73922  73952  
  74346  74395  
  74791  74827  
  75147  75165  
  75508  75605  
  76092  76118  
  76425  76427  
  76535  76543  
  76761  76764  
  77185  77239  
  77492  77528  
  78020  78117  
  78579  78656  
  78922  78957  
  79311  79321  
  79493  79530  
  79533  79580  
  79782  79844  
  79909  79910  
  80261  80402  
  80859  80878  
  81024  81024  
  81189  81277  
  81420  81420  
  81867  81918  
  82162  82194  
  82593  82709  
  82791  82806  
  82820  82836  
  82950  82974  
  83318  83364  
  83514  83606  
  84040  84073  
  84526  84579  
  85067  85071  
  85324  85356  
  85721  85730  
  86159  86240  
  86348  86349  
  86525  86546  
  86611  86630  
  86823  86829  
  87179  87271  
  87314  87348  
  87768  87775  
  87784  87878  
  87983  88064  
  88560  88630  
  88985  89021  
  89084  89092  
  89306  89314  
  89612  89658  
  89842  89882  
  89969  90057  
  90501  90545  
  90704  90727  
  91196  91197  
  91357  91379  
  91708  91715  
  92159  92259  
  92696  92718  
  92787  92863  
  93112  93138  
  93142  93162  
  93419  93424  
  93805  94024  
  94432  94476  
  94578  94670  
  95076  95079  
  95457  95465  
  95584  95623  
  95769  95779  
  96262  96312  
  96590  96624  
  96878  96911  
  96995  97001  
  97028  97065  
  97097  97114  
  97313  97327  
  97573  97705  
  97800  97883  
  98076  98092  
  98118  98126  
  98351  98381  
  98620  98763  
  99061  99079  
  99393  99437  
  99740  99847  
  100163  100163  
  100635  100677  
  100743  100758  
  101021  101038  
  101189  101266  
  101513  101518  
  101523  101562  
  101582  101592  
  101860  101936  
  102173  102223  
  102618  102734  
  103222  103243  
  103684  103693  
  103922  103937  
  103990  104083  
  104300  104335  
  104504  104511  
  104550  104616  
  104789  104792  
  105012  105142  
  105225  105231  
  105656  105714  
  105905  105929  
  105958  105983  
  106017  106040  
  106274  106279  
  106658  106662  
  106716  106749  
  107115  107148  
  107420  107440  
  107685  107697  
  107759  107934  
  108244  108258  
  108677  108682  
  108890  108895  
  109211  109260  
  109537  109542  
  109813  109821  
  110119  110143  
  110237  110246  
  110331  110338  
  110410  110500  
  110619  110714  
  110956  111010  
  111274  111324  
  111637  111647  
  111682  111714  
  111922  111967  
  112447  112626  
  112953  112989  
  113473  113518  
  113699  113732  
  113774  113813  
  114123  114269  
  114468  114511  
  114710  114809  
  115214  115354  
  115574  115621  
  115649  115789  
  116277  116319  
  116590  116611  
  116646  116696  
  116980  117005  
  117218  117334  
  117723  117793  
  118136  118181  
  118232  118298  
  118353  118456  
  118898  119007  
  119031  119044  
  119124  119171  
  119282  119293  
  119556  119647  
  119742  119747  
  120229  120241  
  120453  120619  
  120943  120969  
  121095  121225  
  121509  121542  
  121851  121873  
  122275  122305  
  122722  122770  
  122929  123029  
  123518  123560  
  123857  124027  
  124207  124226  
  124686  124690  
  125037  125084  
  125452  125483  
  125619  125660  
  125989  126056  
  126182  126475  
  126655  126664  
  127124  127165  
  127209  127263  
  127290  127373  
  127842  127897  
  128218  128294  
  128739  128805  
  128912  128915  
  128987  128995  
  129112  129129  
  129569  129580  
  129906  129973  
  130459  130467  
  130843  130872  
  131253  131288  
  131458  131487  
  131629  131629  
  131914  132128  
  132435  132442  
  132684  132704  
  132994  133004  
  133039  133052  
  133154  133185  
  133255  133302  
  133765  133778  
  134057  134141  
  134409  134423  
  134527  134608  
  135068  135088  
  135120  135121  
  135585  135628  
  135791  135793  
  136245  136281  
  136427  136518  
  136564  136567  
  136894  136935  
  136994  137052  
  137526  137540  
  137707  137724  
  137995  138034  
  138200  138243  
  138729  138921  
  139279  139290  
  139528  139551  
  139880  139917  
  140391  140424  
  140880  140901  
  141130  141136  
  141471  141479  
  141493  141571  
  141947  141962  
  142207  142210  
  142578  142606  
  142956  142970  
  143295  143398  
  143844  143846  
  143875  143924  
  144153  144179  
  144461  144469  
  144702  144932  
  145394  145399  
  145726  145731  
  145900  145919  
  145984  145987  
  146380  146471  
  146911  147019  
  147059  147075  
  147332  147386  
  147770  147876  
  148250  148281  
  148559  148643  
  148735  148756  
  149204  149246  
  149601  149686  
  150013  150059  
  150529  150549  
  150851  150866  
  150981  150985  
  151064  151107  
  151545  151671  
  151885  151889  
  152302  152306  
  152796  152951  
  153042  153114  
  153372  153393  
  153811  153830  
  154016  154229  
  154709  154736  
  154899  154932  
  155296  155334  
  155341  155359  
  155626  155648  
  155697  155710  
  155817  155846  
  156111  156123  
  156239  156306  
  156721  156813  
  157137  157140  
  157565  157575  
  157864  157904  
  158278  158314  
  158758  158902  
  159234  159279  
  159412  159412  
  159568  159629  
  159906  159949  
  160350  160352  
  160722  160742  
  160770  160781  
  161207  161235  
  161716  161737  
  162008  162018  
  162507  162529  
  162800  162806  
  163066  163136  
  163372  163417  
  163682  163682  
  164160  164319  
  164745  164751  
  165219  165254  
  165719  165863  
  166095  166167  
  166665  166765  
  166791  166852  
  166965  167006  
  167401  167414  
  167673  167675  
  167865  167909  
  168237  168344  
  168577  168598  
  169012  169021  
  169231  169245  
  169537  169550  
  169767  169771  
  169887  170012  
  170413  170453  
  170879  170909  
  171273  171287  
  171592  171639  
  171710  171866  
  171916  172069  
  172345  172365  
  172853  172856  
  172977  173035  
  173349  173354  
  173633  173633  
  174125  174219  
  174286  174315  
  174646  174654  
  174940  174940  
  175407  175515  
  175751  175839  
  176335  176398  
  176481  176527  
  176997  177134  
  177442  177444  
  177797  177894  
  178218  178222  
  178236  178299  
  178601  178632  
  178638  178650  
  179108  179251  
  179744  179753  
  179924  179957  
  180079  180131  
  180597  180599  
  180869  180904  
  181028  181101  
  181380  181448  
  181942  181945  
  182353  182367  
  182464  182482  
  182586  182596  
  182982  183000  
  183354  183372  
  183764  183793  
  184092  184099  
  184296  184350  
  184427  184429  
  184611  184641  
  185017  185019  
  185106  185201  
  185285  185297  
  185775  185929  
  186290  186350  
  186474  186479  
  186544  186709  
  186794  186796  
  187118  187206  
  187240  187274  
  187714  187776  
  188045  188050  
  188230  188418  
  188601  188656  
  189045  189083  
  189491  189504  
  189511  189595  
  189819  189826  
  190041  190045  
  190102  190205  
  190243  190280  
  190658  190737  
  190991  191025  
  191502  191503  
  191759  191863  
  192255  192289  
  192775  192836  
  193063  193085  
  193390  193398  
  193413  193464  
  193525  193576  
  193605  193631  
  193833  193908  
  194389  194405  
  194783  194834  
  194976  195023  
  195162  195188  
  195587  195659  
  195898  195955  
  196270  196313  
  196633  196633  
  197003  197087  
  197432  197543  
  197622  197725  
  197969  197974  
  198144  198150  
  198409  198422  
  198827  198868  
  199048  199080  
  199255  199267  
  199595  199641  
  199716  199756  
  199956  199958  
  200275  200337  
  200546  200559  
  200584  200588  
  200807  200868  
  200992  201015  
  201279  201415  
  201706  201881  
  202331  202345  
  202678  202707  
  203064  203078  
  203371  203436  
  203653  203716  
  203972  204017  
  204514  204548  
  205035  205194  
  205354  205377  
  205613  205632  
  206039  206056  
  206125  206205  
  206485  206521  
  206747  206772  
  207200  207216  
  207577  207639  
  207760  207764  
  208200  208206  
  208653  208675  
  209014  209072  
  209242  209279  
  209503  209528  
  209615  209636  
  210027  210032  
  210064  210076  
  210266  210266  
  210623  210718  
  210806  210864  
  211148  211292  
  211747  211764  
  211768  211895  
  212348  212348  
  212759  212768  
  213112  213123  
  213374  213421  
  213760  213803  
  214194  214229  
  214422  214513  
  214836  214849  
  215113  215145  
  215604  215651  
  215790  215796  
  216278  216282  
  216549  216557  
  216741  216802  
  217181  217188  
  217281  217338  
  217614  217656  
  217885  217894  
  218124  218150  
  218208  218208  
  218389  218485  
  218697  218699  
  218949  219030  
  219041  219114  
  219199  219204  
  219608  219626  
  219873  219912  
  220265  220267  
  220515  220521  
  220614  220627  
  220709  220800  
  221208  221209  
  221473  221475  
  221727  221792  
  222032  222180  
  222621  222655  
  223063  223066  
  223402  223422  
  223821  223894  
  223979  224138  
  224637  224642  
  225005  225068  
  225121  225143  
  225164  225164  
  225530  225621  
  226024  226028  
  226445  226514  
  226886  226891  
  226919  226933  
  226997  226998  
  227402  227474  
  227834  227906  
  227922  227933  
  228108  228159  
  228653  228714  
  229043  229058  
  229261  229275  
  229511  229539  
  229804  229846  
  230082  230106  
  230440  230454  
  230610  230621  
  231038  231159  
  231425  231430  
  231535  231596  
  231973  231985  
  231987  231999  
  232236  232382  
  232846  232857  
  233305  233370  
  233675  233688  
  234145  234165  
  234284  234298  
  234338  234526  
  234862  234887  
  234951  234994  
  235416  235426  
  235724  235748  
  236188  236192  
  236532  236594  
  236922  236992  
  237086  237112  
  237463  237499  
  237640  237682  
  238021  238022  
  238133  238180  
  238422  238431  
  238803  238876  
  239372  239376  
  239581  239612  
  239636  239637  
  240127  240220  
  240344  240365  
  240856  240881  
  241088  241113  
  241170  241194  
  241407  241454  
  241479  241526  
  241661  241689  
  241895  241918  
  242168  242289  
  242719  242719  
  242966  242984  
  243150  243253  
  243554  243597  
  243746  243763  
  243834  243884  
  244347  244359  
  244470  244474  
  244741  244760  
  244968  245109  
  245126  245148  
  245335  245413  
  245537  245676  
  246132  246202  
  246320  246338  
  246434  246546  
  246817  247000  
  247429  247485  
  247617  247624  
  247874  248145  
  248538  248556  
  248863  248868  
  248972  248973  
  249006  249045  
  249528  249556  
  249790  249793  
  250156  250166  
  250455  250462  
  250565  250621  
  251083  251107  
  251327  251331  
  251787  251794  
  251908  251913  
  252402  252446  
  252553  252605  
  252661  252744  
  253058  253080  
  253205  253238  
  253305  253332  
  253694  253738  
  253882  253912  
  254360  254393  
  254468  254506  
  254855  254863  
  255298  255306  
  255529  255567  
  255710  255759  
  255965  255968  
  256199  256220  
  256584  256632  
  256834  256839  
  257018  257192  
  257373  257424  
  257626  257698  
  258092  258130  
  258392  258393  
  258853  258870  
  259343  259353  
  259692  259702  
  259982  260044  
  260445  260535  
  260857  260906  
  261005  261095  
  261558  261564  
  261882  261992  
  262080  262103  
  262144  262194  
  262459  262622  
  262764  262890  
  263179  263243  
  263631  263634  
  263695  263719  
  263878  263928  
  263960  263978  
  264335  264481  
  264711  264715  
  265097  265123  
  265430  265495  
  265616  265631  
  265946  265956  
  266028  266051  
  266367  266413  
  266590  266593  
  267069  267181  
  267423  267448  
  267679  267711  
  267767  267809  
  268186  268219  
  268321  268328  
  268529  268563  
  268837  268871  
  269006  269006  
  269062  269100  
  269581  269701  
  269818  269869  
  270122  270227  
  270319  270439  
  270788  270861  
  271009  271070  
  271548  271629  
  271889  271935  
  272146  272173  
  272504  272522  
  272727  272736  
  273099  273139  
  273543  273566  
  273956  273964  
  274300  274346  
  274414  274429  
  274498  274550  
  274944  274945  
  275263  275296  
  275561  275575  
  275699  275726  
  276163  276267  
  276761  276819  
  277013  277051  
  277296  277314  
  277467  277532  
  277718  277890  
  277905  277915  
  278033  278067  
  278404  278468  
  278722  278767  
  279107  279107  
  279351  279403  
  279739  279752  
  279755  279757  
  279964  280053  
  280212  280253  
  280740  280762  
  280791  280920  
  281085  281155  
  281637  281644  
  282076  282105  
  282350  282360  
  282769  282911  
  283001  283051  
  283387  283439  
  283838  283949  
  284049  284144  
  284540  284593  
  284925  284939  
  285207  285229  
  285644  285821  
  286039  286042  
  286199  286301  
  286385  286389  
  286864  286934  
  287007  287013  
  287473  287484  
  287549  287585  
  287598  287628  
  287964  288244  
  288264  288269  
  288674  288683  
  288783  288826  
  289222  289234  
  289528  289547  
  289579  289589  
  289696  289819  
  290149  290240  
  290333  290374  
  290505  290551  
  290755  290784  
  291102  291272  
  291461  291492  
  291523  291533  
  291684  291712  
  292186  292193  
  292610  292646  
  293123  293131  
  293227  293278  
  293725  293730  
  293818  293824  
  294125  294176  
  294462  294521  
  294607  294628  
  295028  295052  
  295147  295201  
  295211  295211  
  295659  295753  
  296157  296248  
  296370  296437  
  296457  296594  
  297054  297150  
  297612  297637  
  298047  298138  
  298491  298497  
  298800  298860  
  298950  298984  
  299344  299358  
  299714  299800  
  300255  300299  
  300731  300908  
  301158  301231  
  301386  301434  
  301588  301599  
  302064  302100  
  302274  302306  
  302532  302603  
  302752  302766  
  302980  303000  
  303125  303174  
  303666  303697  
  304070  304079  
  304224  304264  
  304480  304494  
  304992  305031  
  305098  305156  
  305365  305373  
  305682  305696  
  306133  306134  
  306375  306376  
  306838  306871  
  307123  307142  
  307280  307341  
  307423  307544  
  307683  307724  
  308171  308281  
  308463  308493  
  308722  308729  
  308892  308903  
  309112  309128  
  309568  309568  
  310057  310100  
  310536  310585  
  310595  310674  
  311108  311113  
  311480  311531  
  311902  311999  
  312482  312484  
  312818  312823  
  313148  313177  
  313195  313331  
  313499  313519  
  313953  313985  
  314189  314555  
  314563  314612  
  314927  314941  
  315071  315123  
  315361  315534  
  315764  315768  
  315843  315990  
  316255  316305  
  316597  316700  
  316886  316887  
  317098  317120  
  317466  317507  
  317899  317995  
  318013  318235  
  318567  318682  
  319120  319143  
  319184  319229  
  319468  319553  
  319702  319704  
  320165  320479  
  320773  320843  
  321321  321391  
  321424  321456  
  321521  321522  
  321938  321960  
  322264  322293  
  322644  322755  
  323204  323222  
  323479  323484  
  323555  323619  
  323850  323882  
  323998  324045  
  324355  324382  
  324422  324499  
  324894  324916  
  325031  325065  
  325195  325211  
  325550  325604  
  325868  325897  
  326196  326207  
  326335  326401  
  326570  326606  
  326770  326775  
  326947  326950  
  327088  327090  
  327169  327212  
  327510  327609  
  328069  328095  
  328551  328592  
  328788  328852  
  328956  329102  
  329540  329553  
  329600  329669  
  329947  329999  
  330080  330113  
  330195  330215  
  330359  330467  
  330750  330776  
  331275  331294  
  331319  331471  
  331607  331621  
  331924  332040  
  332388  332617  
  332891  332919  
  332992  333112  
  333338  333340  
  333725  333793  
  333843  333867  
  333989  333989  
  334328  334358  
  334792  334854  
  334871  335000  
  335149  335198  
  335245  335343  
  335655  335757  
  335788  335791  
  335953  335993  
  336426  336443  
  336832  336895  
  337179  337188  
  337290  337296  
  337297  337304  
  337404  337429  
  337847  337976  
  338342  338603  
  338949  339020  
  339470  339479  
  339805  339813  
  340223  340296  
  340468  340501  
  340801  340816  
  340972  341098  
  341227  341266  
  341432  341447  
  341649  341710  
  341733  341803  
  341870  341931  
  342390  342556  
  342945  343003  
  343396  343471  
  343923  343923  
  344261  344362  
  344669  344680  
  345080  345099  
  345245  345302  
  345562  345566  
  345799  345843  
  346222  346225  
  346324  346453  
  346660  346707  
  347130  347165  
  347500  347539  
  348016  348051  
  348489  348514  
  348886  348896  
  349028  349184  
  349236  349313  
  349586  349621  
  350078  350132  
  350344  350372  
  350626  350720  
  350909  350961  
  351093  351130  
  351276  351327  
  351403  351443  
  351847  351866  
  352223  352331  
  352783  352918  
  353385  353403  
  353726  353731  
  353792  353814  
  354288  354337  
  354804  354840  
  355041  355072  
  355333  355363  
  355670  355673  
  355692  355845  
  356260  356273  
  356622  356658  
  357022  357078  
  357359  357409  
  357511  357527  
  358008  358008  
  358391  358397  
  358692  358716  
  358731  358764  
  358908  359028  
  359081  359092  
  359111  359149  
  359354  359400  
  359848  359867  
  360351  360380  
  360518  360533  
  360638  360642  
  360828  360860  
  361203  361212  
  361571  361575  
  361884  361922  
  362034  362087  
  362271  362310  
  362780  362859  
  363353  363388  
  363658  363664  
  363752  363794  
  364139  364200  
  364316  364381  
  364514  364603  
  364939  364982  
  365184  365214  
  365567  365633  
  365676  365730  
  365753  365800  
  366150  366301  
  366743  366798  
  367252  367385  
  367530  367532  
  367762  367901  
  368143  368179  
  368625  368702  
  368978  369109  
  369411  369444  
  369848  369883  
  370307  370347  
  370761  370761  
  370931  370944  
  371151  371171  
  371251  371302  
  371671  371698  
  371831  371867  
  372068  372163  
  372551  372591  
  372748  372764  
  372798  373083  
  373195  373204  
  373265  373341  
  373594  373598  
  373947  374071  
  374476  374524  
  374824  374870  
  375128  375238  
  375509  375524  
  375526  375623  
  375747  375826  
  376235  376246  
  376656  376667  
  377056  377123  
  377332  377338  
  377376  377438  
  377540  377564  
  377710  377713  
  377732  377752  
  378153  378191  
  378541  378569  
  378968  379022  
  379070  379109  
  379520  379536  
  379984  380036  
  380085  380233  
  380314  380369  
  380727  380972  
  380995  381038  
  381179  381357  
  381605  381623  
  382002  382114  
  382425  382455  
  382852  382861  
  382992  383034  
  383207  383213  
  383635  383709  
  383907  384058  
  384447  384614  
  384631  384654  
  384827  384852  
  385223  385237  
  385455  385481  
  385591  385623  
  385867  385870  
  386346  386415  
  386809  386815  
  387254  387278  
  387763  387773  
  388177  388227  
  388726  388785  
  389116  389126  
  389179  389203  
  389582  389677  
  389876  390023  
  390172  390203  
  390252  390334  
  390702  390757  
  391080  391095  
  391469  391472  
  391489  391501  
  391705  391711  
  391877  392052  
  392143  392231  
  392730  392740  
  393041  393120  
  393467  393470  
  393815  393876  
  394142  394237  
  394595  394683  
  395176  395264  
  395605  395700  
  395963  396088  
  396169  396175  
  396651  396666  
  397000  397012  
  397038  397126  
  397428  397429  
  397786  397838  
  397869  397876  
  398099  398143  
  398533  398537  
  398797  398805  
  398890  398902  
  399095  399321  
  399738  399784  
  400255  400437  
  400736  400861  
  401057  401188  
  401278  401284  
  401749  401865  
  402313  402422  
  402428  402436  
  402522  402538  
  402632  402642  
  403031  403218  
  403339  403350  
  403743  403818  
  404133  404205  
  404584  404589  
  404736  404752  
  404825  404833  
  405243  405248  
  405653  405680  
  405906  405921  
  406321  406338  
  406732  406753  
  407153  407164  
  407213  407239  
  407299  407391  
  407509  407522  
  407807  407827  
  408233  408302  
  408686  408779  
  409249  409314  
  409321  409369  
  409744  409758  
  410051  410131  
  410357  410358  
  410443  410540  
  410767  410856  
  411162  411235  
  411274  411283  
  411769  411773  
  412221  412398  
  412592  412656  
  412712  412766  
  412786  412956  
  413160  413194  
  413629  413674  
  413887  413898  
  414079  414086  
  414472  414533  
  414593  414607  
  415020  415021  
  415327  415430  
  415533  415539  
  415995  416046  
  416523  416545  
  416586  416639  
  417001  417005  
  417341  417394  
  417658  417697  
  418002  418018  
  418500  418542  
  418613  418633  
  418687  418727  
  419114  419142  
  419512  419538  
  419660  419715  
  420133  420440  
  420928  420963  
  421013  421089  
  421476  421543  
  421767  421771  
  422069  422077  
  422108  422110  
  422180  422183  
  422541  422563  
  422891  422928  
  422938  422984  
  423245  423293  
  423760  423815  
  424075  424152  
  424633  424660  
  425122  425136  
  425396  425402  
  425899  425914  
  426043  426046  
  426451  426491  
  426784  426800  
  426985  427023  
  427157  427340  
  427480  427485  
  427640  427708  
  427902  427924  
  428074  428168  
  428252  428272  
  428753  428776  
  429077  429154  
  429263  429277  
  429678  429694  
  430033  430241  
  430672  430947  
  431350  431358  
  431374  431414  
  431882  431910  
  432262  432317  
  432549  432593  
  432762  432763  
  432929  433055  
  433401  433413  
  433574  433589  
  433686  433839  
  434200  434202  
  434669  434680  
  434982  434999  
  435313  435357  
  435793  435833  
  435936  436192  
  436317  436324  
  436570  436653  
  436851  436920  
  437355  437361  
  437390  437447  
  437591  437645  
  438060  438082  
  438433  438555  
  438675  438685  
  439126  439215  
  439513  439517  
  439990  439996  
  440398  440438  
  440663  440666  
  440681  440705  
  440878  440912  
  441261  441270  
  441464  441467  
  441526  441541  
  441897  441899  
  442095  442200  
  442433  442490  
  442708  442717  
  443191  443198  
  443329  443349  
  443560  443676  
  443830  443839  
  444092  444092  
  444166  444224  
  444654  444665  
  445009  445055  
  445359  445415  
  445836  445861  
  446230  446279  
  446711  446839  
  447078  447134  
  447232  447236  
  447415  447439  
  447888  447890  
  448004  448075  
  448501  448509  
  448519  448581  
  448752  448764  
  449033  449136  
  449277  449304  
  449608  449639  
  449649  449676  
  449694  449710  
  449762  449785  
  450003  450031  
  450230  450294  
  450679  450723  
  450893  450964  
  451293  451342  
  451561  451703  
  451749  451854  
  452351  452426  
  452462  452558  
  452625  452699  
  452934  452934  
  453193  453202  
  453580  453651  
  453826  453844  
  454170  454174  
  454647  454663  
  454856  454919  
  455324  455328  
  455786  455811  
  455831  455952  
  455980  456014  
  456467  456468  
  456964  456970  
  457321  457322  
  457393  457435  
  457692  457699  
  457980  458019  
  458172  458363  
  458628  458683  
  458760  458837  
  458880  458887  
  459270  459310  
  459768  459797  
  459873  459906  
  460267  460287  
  460289  460356  
  460496  460524  
  460539  460557  
  460864  460888  
  461042  461045  
  461292  461403  
  461502  461593  
  462078  462108  
  462593  462682  
  462684  462732  
  462789  462934  
  462983  462988  
  463404  463422  
  463595  463860  
  463978  463992  
  464120  464153  
  464647  464669  
  465014  465041  
  465132  465280  
  465757  465779  
  466272  466313  
  466485  466533  
  466798  466963  
  467189  467231  
  467402  467505  
  467879  467954  
  468010  468076  
  468218  468371  
  468610  468743  
  469021  469170  
  469372  469395  
  469613  469723  
  470105  470329  
  470458  470460  
  470844  471121  
  471534  471616  
  471964  472117  
  472574  472585  
  472819  472864  
  473206  473328  
  473679  473992  
  474456  474536  
  474623  474665  
  475149  475173  
  475564  475582  
  475794  475817  
  475990  476030  
  476313  476342  
  476495  476523  
  476691  476787  
  477135  477214  
  477450  477470  
  477624  477670  
  477746  477786  
  477890  477897  
  477963  477972  
  478248  478285  
  478744  478815  
  478930  479056  
  479541  479587  
  479938  479939  
  480391  480394  
  480574  480674  
  480677  480749  
  481231  481301  
  481423  481451  
  481819  481845  
  482032  482089  
  482190  482295  
  482392  482465  
  482708  482716  
  483099  483162  
  483533  483628  
  484048  484075  
  484196  484327  
  484368  484369  
  484831  484879  
  485214  485233  
  485277  485281  
  485315  485321  
  485469  485489  
  485768  485792  
  486268  486358  
  486374  486421  
  486631  486673  
  486768  486770  
  486862  486869  
  486930  487027  
  487079  487123  
  487343  487410  
  487441  487619  
  487819  487821  
  488174  488280  
  488544  488588  
  488718  488718  
  488912  488942  
  489270  489285  
  489372  489439  
  489487  489511  
  489573  489588  
  489762  489898  
  489984  490261  
  490677  490721  
  491001  491043  
  491241  491277  
  491292  491359  
  491584  491610  
  492095  492161  
  492610  492626  
  493106  493146  
  493296  493344  
  493843  493887  
  493979  494068  
  494083  494117  
  494482  494498  
  494578  494655  
  494829  494963  
  495175  495308  
  495793  495910  
  496257  496271  
  496584  496595  
  496766  496790  
  496990  497115  
  497396  497486  
  497837  497871  
  497947  497973  
  498251  498260  
  498298  498329  
  498615  498649  
  498789  499005  
  499131  499163  
  499493  499559  
  499671  499759  
  500122  500169  
  500475  500610  
  501072  501091  
  501220  501248  
  501429  501483  
  501602  501664  
  502114  502144  
  502219  502232  
  502386  502508  
  502919  502938  
  503083  503247  
  503402  503404  
  503769  503926  
  504220  504229  
  504543  504574  
  504826  504880  
  505088  505112  
  505236  505242  
  505314  505465  
  505803  505879  
  506026  506026  
  506075  506119  
  506295  506363  
  506431  506531  
  506655  506711  
  506765  506859  
  507276  507355  
  507373  507380  
  507418  507431  
  507587  507621  
  507880  508055  
  508384  508422  
  508644  508682  
  509009  509010  
  509348  509441  
  509834  509944  
  509981  510028  
  510096  510142  
  510502  510506  
  510848  510889  
  511078  511111  
  511205  511233  
  511533  511622  
  511893  511998  
  512141  512183  
  512271  512307  
  512414  512460  
  512584  512593  
  513024  513046  
  513309  513354  
  513406  513434  
  513851  513852  
  513984  514055  
  514485  514507  
  514801  514803  
  515186  515193  
  515440  515502  
  515533  515608  
  515638  515709  
  515838  515846  
  516146  516249  
  516257  516534  
  516945  516990  
  517357  517359  
  517770  517835  
  517924  517964  
  518191  518344  
  518791  518792  
  518977  519036  
  519172  519201  
  519655  519785  
  519791  519819  
  520188  520280  
  520429  520502  
  520634  520646  
  520875  520886  
  521160  521204  
  521245  521258  
  521282  521288  
  521694  521705  
  521757  521795  
  521944  522094  
  522161  522191  
  522238  522244  
  522729  522736  
  523083  523113  
  523566  523597  
  524050  524065  
  524552  524578  
  524671  524697  
  524966  525073  
  525169  525277  
  525293  525317  
  525789  525795  
  525845  525861  
  526248  526249  
  526696  526704  
  527200  527252  
  527420  527480  
  527598  527635  
  527690  527741  
  527915  527987  
  528247  528248  
  528284  528381  
  528733  528862  
  529012  529061  
  529265  529294  
  529652  529660  
  530105  530196  
  530633  530656  
  531057  531116  
  531505  531561  
  531898  531924  
  532300  532320  
  532463  532470  
  532765  532788  
  532804  532876  
  533048  533078  
  533181  533297  
  533350  533377  
  533727  533757  
  533963  534002  
  534429  534485  
  534508  534515  
  534551  534659  
  534823  534970  
  535263  535287  
  535610  535633  
  536076  536084  
  536509  536581  
  536593  536669  
  536928  536947  
  537088  537117  
  537482  537485  
  537662  537662  
  538018  538038  
  538398  538410  
  538887  538910  
  539404  539419  
  539733  539764  
  539913  539914  
  540042  540058  
  540146  540159  
  540572  540598  
  540895  540968  
  541444  541589  
  541660  541667  
  541925  542002  
  542429  542435  
  542444  542450  
  542865  542871  
  542992  543002  
  543270  543338  
  543374  543388  
  543588  543589  
  543840  543859  
  544228  544232  
  544479  544560  
  544931  545001  
  545307  545357  
  545365  545388  
  545844  545881  
  546260  546263  
  546396  546503  
  546639  546662  
  546758  546886  
  547083  547110  
  547451  547457  
  547510  547554  
  547664  547729  
  547909  548160  
  548544  548672  
  548867  548867  
  549260  549272  
  549356  549399  
  549663  549715  
  550051  550107  
  550191  550271  
  550606  550678  
  550842  551167  
  551526  551562  
  551893  552103  
  552557  552610  
  552971  552986  
  553080  553188  
  553685  553687  
  554074  554102  
  554158  554261  
  554507  554524  
  554530  554606  
  554731  554805  
  555266  555308  
  555615  555659  
  555781  555847  
  556341  556385  
  556848  556874  
  557007  557076  
  557388  557469  
  557708  557740  
  557757  557785  
  557834  557859  
  558351  558387  
  558486  558708  
  558957  559029  
  559072  559097  
  559181  559270  
  559334  559358  
  559371  559381  
  559478  559581  
  559644  559651  
  559983  559990  
  560013  560043  
  560292  560302  
  560378  560558  
  560739  560750  
  561097  561124  
  561431  561469  
  561690  561789  
  561962  562027  
  562499  562533  
  562725  562755  
  562776  562816  
  562843  563134  
  563344  563356  
  563746  563787  
  563984  564004  
  564395  564402  
  564727  564796  
  565276  565347  
  565469  565560  
  565952  565971  
  566052  566109  
  566244  566370  
  566449  566662  
  567123  567137  
  567610  567648  
  567653  567738  
  567906  567966  
  568066  568073  
  568175  568213  
  568286  568286  
  568423  568455  
  568903  568968  
  569346  569348  
  569689  569705  
  569996  570084  
  570350  570414  
  570605  570668  
  571135  571172  
  571475  571675  
  572117  572137  
  572408  572408  
  572775  572839  
  573161  573162  
  573458  573514  
  573930  573995  
  574328  574343  
  574609  574616  
  574662  574699  
  575185  575216  
  575608  575690  
  575864  575926  
  576271  576282  
  576592  576620  
  576811  576849  
  577278  577496  
  577959  577964  
  578114  578234  
  578626  578670  
  578795  578798  
  579130  579130  
  579513  579529  
  580026  580027  
  580122  580126  
  580284  580302  
  580523  580636  
  580876  580892  
  581256  581331  
  581353  581354  
  581556  581614  
  581781  581806  
  581813  581834  
  582247  582254  
  582543  582567  
  582949  582963  
  583058  583063  
  583455  583482  
  583590  583598  
  583835  583927  
  583981  584080  
  584131  584282  
  584544  584597  
  585081  585142  
  585333  585336  
  585717  585717  
  585748  585756  
  586028  586066  
  586454  586459  
  586782  586841  
  586994  587006  
  587207  587208  
  587210  587281  
  587363  587372  
  587730  587751  
  587868  587992  
  588010  588021  
  588271  588274  
  588509  588528  
  588799  588804  
  589190  589193  
  589200  589205  
  589352  589376  
  589432  589531  
  589817  589824  
  589861  589874  
  590014  590026  
  590262  590324  
  590625  590658  
  591125  591192  
  591300  591435  
  591543  591583  
  591969  592018  
  592067  592087  
  592229  592310  
  592809  592839  
  592966  592981  
  593344  593470  
  593838  593857  
  594327  594336  
  594774  594789  
  595163  595171  
  595655  595863  
  596138  596367  
  596535  596557  
  596850  596928  
  597176  597235  
  597342  597344  
  597600  597678  
  597838  597869  
  598289  598330  
  598368  598404  
  598735  598782  
  599028  599090  
  599354  599380  
  599620  599643  
  600029  600114  
  600541  600552  
  600805  600898  
  600986  601047  
  601367  601385  
  601386  601444  
  601707  601736  
  601870  601876  
  602131  602133  
  602350  602350  
  602777  602793  
  602920  603056  
  603132  603255  
  603602  603629  
  603998  604025  
  604403  604459  
  604754  605005  
  605334  605446  
  605855  605868  
  606031  606078  
  606133  606155  
  606213  606216  
  606512  606594  
  606765  606787  
  606832  606898  
  606966  607045  
  607323  607345  
  607349  607360  
  607788  607805  
  608125  608256  
  608606  608615  
  608763  608834  
  609109  609164  
  609282  609609  
  609632  609789  
  609839  609876  
  609926  609968  
  610352  610370  
  610568  610570  
  610658  610687  
  610875  610883  
  611325  611341  
  611558  611571  
  611879  611891  
  612052  612345  
  612616  612854  
  613033  613056  
  613465  613538  
  613843  613881  
  614247  614292  
  614643  614651  
  615065  615171  
  615205  615212  
  615486  615498  
  615971  616014  
  616390  616469  
  616774  616855  
  617322  617341  
  617840  617856  
  618099  618112  
  618338  618421  
  618714  618806  
  619182  619191  
  619634  619663  
  620069  620120  
  620593  620612  
  620939  620969  
  621230  621230  
  621377  621487  
  621703  621726  
  622079  622144  
  622166  622180  
  622187  622208  
  622702  622773  
  622997  623105  
  623406  623481  
  623638  623645  
  624140  624272  
  624474  624512  
  624712  624719  
  624866  624950  
  625212  625282  
  625663  625771  
  625889  626068  
  626481  626556  
  626810  626832  
  627285  627318  
  627379  627515  
  627816  627924  
  628358  628367  
  628631  628638  
  628892  628903  
  629211  629395  
  629634  629634  
  629744  629785  
  630098  630107  
  630457  630622  
  630882  630924  
  631195  631198  
  631296  631385  
  631834  631860  
  631890  632022  
  632508  632542  
  632612  632618  
  632664  632813  
  633056  633118  
  633531  633540  
  633981  633994  
  634044  634096  
  634454  634583  
  634940  634999  
  635371  635429  
  635563  635571  
  635748  635780  
  636185  636199  
  636371  636651  
  636912  636986  
  637090  637152  
  637472  637477  
  637880  637881  
  638303  638347  
  638359  638544  
  638828  638892  
  639124  639253  
  639410  639468  
  639519  639538  
  639919  639991  
  640332  640349  
  640528  640539  
  640990  640994  
  641420  641424  
  641667  641683  
  642085  642272  
  642574  642580  
  642733  642742  
  643048  643101  
  643394  643404  
  643690  643754  
  644165  644172  
  644557  644585  
  644744  644825  
  645270  645449  
  645716  645759  
  646032  646063  
  646141  646450  
  646628  646637  
  647125  647140  
  647236  647260  
  647530  647530  
  647690  647710  
  648063  648094  
  648134  648143  
  648374  648407  
  648537  648541  
  648842  648843  
  649006  649117  
  649216  649324  
  649690  649724  
  649954  649955  
  650298  650323  
  650678  650733  
  650959  651026  
  651122  651124  
  651218  651285  
  651765  651805  
  652196  652234  
  652729  652931  
  653318  653364  
  653469  653488  
  653489  653526  
  653745  653846  
  654032  654126  
  654147  654156  
  654270  654273  
  654552  654599  
  654920  654946  
  655316  655399  
  655511  655558  
  655588  655673  
  655864  655865  
  655942  656005  
  656276  656333  
  656495  656522  
  656673  656715  
  656812  656973  
  657151  657278  
  657414  657429  
  657558  657595  
  657913  657952  
  658188  658293  
  658737  658740  
  658926  658927  
  659240  659319  
  659561  659689  
  660122  660443  
  660816  660836  
  660941  660943  
  661011  661031  
  661140  661154  
  661647  661673  
  662030  662169  
  662470  662563  
  662885  662947  
  663114  663117  
  663198  663221  
  663644  663645  
  664101  664111  
  664293  664326  
  664653  664661  
  665078  665104  
  665327  665367  
  665522  665563  
  665939  666035  
  666100  666107  
  666605  666634  
  666972  666973  
  667179  667202  
  667309  667309  
  667422  667451  
  667806  667920  
  668208  668226  
  668411  668413  
  668896  668908  
  669287  669438  
  669657  669684  
  669743  669769  
  670197  670228  
  670632  670638  
  670828  670861  
  670948  670978  
  671016  671046  
  671080  671224  
  671453  671502  
  671522  671554  
  671970  671971  
  672023  672057  
  672361  672391  
  672869  672944  
  673315  673324  
  673327  673344  
  673355  673363  
  673857  673875  
  674122  674141  
  674531  674537  
  674882  674904  
  674905  674947  
  675122  675152  
  675423  675455  
  675478  675535  
  675593  675597  
  675918  676001  
  676443  676652  
  676896  676923  
  677315  677325  
  677633  677633  
  677891  677900  
  678074  678103  
  678246  678281  
  678308  678473  
  678750  678770  
  679248  679251  
  679466  679472  
  679621  679661  
  679673  679684  
  679784  679793  
  680273  680307  
  680545  680560  
  680817  680992  
  681110  681113  
  681498  681590  
  681665  681673  
  682147  682148  
  682496  682528  
  682831  683103  
  683408  683497  
  683726  683747  
  684045  684194  
  684388  684437  
  684615  684629  
  685081  685300  
  685740  685755  
  686114  686302  
  686528  686533  
  686626  686655  
  686715  686799  
  687253  687290  
  687459  687486  
  687499  687572  
  687874  687885  
  688286  688321  
  688700  688919  
  689094  689205  
  689631  689650  
  690147  690179  
  690397  690516  
  690813  690880  
  691090  691342  
  691807  692021  
  692244  692249  
  692455  692455  
  692493  692539  
  692759  692837  
  692977  693000  
  693306  693327  
  693476  693489  
  693948  694055  
  694512  694549  
  694738  694783  
  695282  695345  
  695736  695746  
  696134  696271  
  696481  696565  
  697059  697068  
  697309  697375  
  697781  698026  
  698133  698184  
  698417  698426  
  698684  698685  
  698762  698764  
  698922  698957  
  699434  699666  
  699840  699860  
  700330  700340  
  700688  700720  
  701074  701257  
  701313  701402  
  701633  701728  
  702143  702215  
  702381  702396  
  702447  702454  
  702695  702735  
  703048  703078  
  703176  703233  
  703633  703719  
  703735  703760  
  704109  704195  
  704461  704474  
  704658  704837  
  705323  705375  
  705798  705925  
  705937  705972  
  706332  706400  
  706710  706759  
  706986  707076  
  707262  707447  
  707875  707922  
  708193  708289  
  708290  708343  
  708637  708682  
  708701  708879  
  709077  709084  
  709373  709423  
  709887  709948  
  710079  710293  
  710471  710474  
  710497  710551  
  711004  711093  
  711453  711561  
  711979  712017  
  712035  712234  
  712333  712362  
  712859  712874  
  713332  713359  
  713772  713841  
  714162  714224  
  714550  714554  
  714940  714942  
  714987  715101  
  715453  715459  
  715574  715621  
  716103  716124  
  716260  716306  
  716320  716320  
  716329  716415  
  716806  716873  
  717039  717050  
  717116  717184  
  717521  717559  
  717976  718049  
  718308  718312  
  718697  718817  
  719250  719386  
  719754  719861  
  720319  720342  
  720390  720402  
  720436  720459  
  720639  720669  
  720770  720773  
  721015  721031  
  721302  721320  
  721705  721706  
  721732  721735  
  721846  721882  
  721911  721947  
  722400  722462  
  722577  722636  
  722867  722874  
  723080  723166  
  723272  723291  
  723676  723689  
  723729  723802  
  723854  723901  
  723947  724124  
  724309  724372  
  724418  724478  
  724677  724732  
  724829  724866  
  725131  725316  
  725701  725751  
  726209  726226  
  726278  726330  
  726666  726666  
  726827  726891  
  727376  727385  
  727839  727856  
  728049  728176  
  728431  728516  
  728797  728812  
  729078  729158  
  729417  729473  
  729741  729781  
  730008  730047  
  730424  730439  
  730469  730515  
  730940  731065  
  731289  731305  
  731681  731748  
  731772  731812  
  731916  731929  
  731936  731997  
  732338  732342  
  732542  732553  
  732841  732905  
  733293  733336  
  733627  733657  
  733845  733966  
  734076  734096  
  734391  734401  
  734538  734544  
  734946  735043  
  735403  735410  
  735512  735621  
  736090  736121  
  736487  736510  
  736728  736797  
  737265  737399  
  737731  737741  
  737842  737969  
  738101  738253  
  738592  738647  
  739063  739138  
  739273  739326  
  739475  739525  
  739547  739597  
  739841  739841  
  740252  740255  
  740666  740667  
  740968  741023  
  741175  741299  
  741720  741721  
  741925  741955  
  742411  742433  
  742918  743021  
  743111  743171  
  743655  743656  
  744091  744173  
  744294  744436  
  744478  744604  
  744930  744961  
  745200  745240  
  745301  745330  
  745400  745410  
  745750  745783  
  745948  745952  
  746014  746086  
  746447  746474  
  746482  746483  
  746979  747000  
  747079  747098  
  747526  747566  
  747951  748172  
  748429  748448  
  748640  748667  
  748679  748683  
  749068  749095  
  749201  749203  
  749641  749838  
  749919  749952  
  750401  750475  
  750556  750607  
  750850  750867  
  751191  751261  
  751441  751520  
  751843  751843  
  752303  752325  
  752817  752862  
  753048  753052  
  753481  753560  
  753641  753662  
  753681  753726  
  754021  754048  
  754458  754468  
  754592  754635  
  754882  754962  
  754979  754989  
  755448  755482  
  755912  755992  
  756334  756368  
  756653  756759  
  756867  756921  
  757146  757214  
  757430  757434  
  757661  757688  
  758135  758159  
  758609  758622  
  759059  759103  
  759307  759483  
  759550  759679  
  759803  759818  
  759952  759959  
  760096  760142  
  760407  760413  
  760609  760653  
  760718  760789  
  761023  761050  
  761126  761145  
  761297  761381  
  761774  761902  
  762131  762208  
  762414  762556  
  762757  762850  
  762871  762899  
  762954  763069  
  763165  763220  
  763373  763433  
  763551  763646  
  763891  763983  
  764239  764300  
  764404  764500  
  764786  764900  
  765277  765300  
  765383  765389  
  765484  765502  
  765910  766037  
  766169  766186  
  766219  766314  
  766492  766610  
  766861  766903  
  767356  767494  
  767602  767713  
  767783  767966  
  768401  768421  
  768749  768751  
  769064  769074  
  769090  769132  
  769147  769180  
  769565  769566  
  769794  769824  
  770044  770046  
  770224  770255  
  770377  770390  
  770606  770632  
  770977  770989  
  771075  771075  
  771367  771411  
  771730  771733  
  772061  772061  
  772296  772361  
  772702  772704  
  772811  772844  
  773170  773233  
  773285  773566  
  773844  773851  
  774071  774101  
  774103  774103  
  774245  774259  
  774293  774334  
  774817  774883  
  775250  775272  
  775418  775436  
  775614  775627  
  775934  775961  
  776312  776336  
  776624  776708  
  777118  777204  
  777285  777314  
  777755  777786  
  777804  777951  
  778292  778303  
  778478  778582  
  778629  778665  
  778724  778826  
  779186  779223  
  779373  779461  
  779689  779728  
  780219  780251  
  780741  780841  
  781271  781271  
  781396  781396  
  781422  781447  
  781904  781943  
  782193  782196  
  782402  782589  
  782855  782898  
  783252  783296  
  783695  783749  
  783870  783870  
  783990  783999  
  784300  784338  
  784796  784878  
  785140  785157  
  785273  785399  
  785640  785678  
  785682  785721  
  786165  786183  
  786530  786533  
  786718  786804  
  786858  787060  
  787491  787534  
  787913  788174  
  788465  788478  
  788523  788543  
  788938  789054  
  789348  789351  
  789717  789756  
  790086  790089  
  790124  790160  
  790567  790577  
  790592  790610  
  790649  790658  
  790758  790781  
  790982  791019  
  791247  791267  
  791565  791613  
  792040  792041  
  792508  792567  
  792621  792782  
  793225  793250  
  793683  793942  
  794373  794387  
  794720  794777  
  795204  795206  
  795321  795467  
  795550  795627  
  795726  795735  
  795970  796079  
  796216  796353  
  796803  796888  
  797337  797422  
  797662  797736  
  797880  797926  
  798377  798382  
  798506  798531  
  798626  798628  
  798890  798925  
  799036  799043  
  799365  799457  
  799642  799650  
  799707  799733  
  799981  800028  
  800327  800344  
  800585  800682  
  800704  800777  
  800831  800933  
  801393  801403  
  801727  801770  
  802231  802243  
  802491  802494  
  802720  802732  
  803125  803153  
  803302  803343  
  803839  803860  
  804028  804066  
  804253  804261  
  804682  804812  
  805134  805235  
  805396  805408  
  805713  805718  
  806160  806174  
  806642  806793  
  806954  807005  
  807113  807151  
  807274  807432  
  807607  807635  
  807985  808070  
  808293  808296  
  808439  808465  
  808536  808599  
  808772  808787  
  808820  808904  
  809184  809249  
  809497  809537  
  809575  809580  
  809891  809911  
  810356  810468  
  810729  810806  
  811179  811227  
  811651  811670  
  811953  811983  
  812133  812203  
  812460  812534  
  812677  812678  
  812735  812829  
  813044  813105  
  813239  813275  
  813379  813515  
  813666  813715  
  813724  813729  
  813887  813962  
  814078  814129  
  814229  814348  
  814533  814553  
  814980  815003  
  815228  815233  
  815500  815552  
  815973  816033  
  816145  816278  
  816776  816821  
  816830  816892  
  817101  817156  
  817479  817522  
  817986  818025  
  818108  818314  
  818718  819095  
  819285  819319  
  819712  819784  
  820084  820247  
  820730  820730  
  820858  820872  
  821122  821198  
  821219  821277  
  821729  821738  
  821854  821971  
  822363  822420  
  822440  822511  
  822579  822598  
  822998  823004  
  823448  823506  
  823901  823904  
  823939  823966  
  824389  824427  
  824461  824489  
  824561  824615  
  824648  824686  
  824952  824958  
  825400  825426  
  825719  825754  
  826096  826259  
  826392  826425  
  826736  826755  
  827002  827002  
  827461  827476  
  827852  827960  
  828137  828240  
  828499  828536  
  828646  828654  
  829045  829170  
  829668  829672  
  829743  829866  
  830154  830168  
  830598  830604  
  830853  830894  
  830967  830986  
  831273  831276  
  831512  831560  
  831838  831881  
  832287  832305  
  832450  832463  
  832860  832935  
  832991  833011  
  833170  833223  
  833253  833263  
  833580  833585  
  833857  833983  
  834397  834531  
  834559  834596  
  834752  834766  
  834830  835013  
  835216  835270  
  835736  835747  
  836099  836106  
  836553  836565  
  836655  836721  
  836934  836987  
  837109  837188  
  837446  837448  
  837797  837830  
  838269  838292  
  838734  838759  
  838837  838840  
  839257  839370  
  839781  839799  
  839950  840036  
  840154  840177  
  840289  840401  
  840849  840860  
  840969  841034  
  841150  841194  
  841482  841581  
  841731  841764  
  841926  842080  
  842237  842258  
  842619  842700  
  843150  843209  
  843670  843718  
  843762  843775  
  843992  844039  
  844288  844464  
  844737  844756  
  845128  845229  
  845719  845728  
  846062  846105  
  846508  846554  
  846825  846862  
  846973  846986  
  847143  847157  
  847459  847484  
  847564  847674  
  847777  847829  
  848214  848363  
  848533  848707  
  849101  849124  
  849502  849557  
  849616  849717  
  849860  849895  
  850209  850235  
  850615  850627  
  850780  850798  
  851026  851053  
  851352  851401  
  851752  851818  
  852166  852474  
  852804  852805  
  853026  853070  
  853080  853152  
  853363  853497  
  853784  853815  
  854100  854237  
  854323  854411  
  854792  854799  
  854849  854853  
  855005  855043  
  855107  855169  
  855283  855312  
  855708  855720  
  856076  856100  
  856316  856354  
  856363  856566  
  856822  856850  
  856862  856896  
  856934  856988  
  857295  857296  
  857324  857464  
  857514  857535  
  858033  858062  
  858102  858146  
  858197  858221  
  858451  858506  
  858554  858620  
  858898  859056  
  859131  859229  
  859705  859715  
  860131  860139  
  860444  860504  
  860938  860970  
  861361  861398  
  861844  861877  
  862331  862377  
  862527  862536  
  862794  862940  
  863337  863377  
  863656  863717  
  863828  863890  
  863931  863940  
  864430  864432  
  864570  864570  
  864860  864893  
  865364  865414  
  865722  865732  
  865921  865924  
  866107  866118  
  866613  866625  
  866784  866795  
  867034  867044  
  867167  867244  
  867285  867362  
  867809  867813  
  867994  868025  
  868172  868251  
  868659  868673  
  868804  868823  
  869089  869152  
  869606  869659  
  869680  869753  
  869850  869948  
  870091  870200  
  870436  870481  
  870906  871069  
  871221  871477  
  871693  871877  
  872032  872040  
  872513  872527  
  872816  872899  
  873309  873577  
  873696  873724  
  874099  874178  
  874580  874588  
  875073  875098  
  875401  875407  
  875847  875906  
  876066  876138  
  876600  876621  
  876625  876669  
  876815  876966  
  877307  877378  
  877820  877918  
  878271  878323  
  878374  878448  
  878667  878673  
  878741  878825  
  878937  879119  
  879525  879527  
  879900  879959  
  880074  880089  
  880536  880559  
  880996  881026  
  881369  881578  
  881997  882052  
  882463  882531  
  882686  883004  
  883269  883345  
  883703  883771  
  884016  884104  
  884196  884219  
  884464  884464  
  884763  884878  
  884977  885048  
  885386  885416  
  885460  885568  
  885824  885829  
  885832  885889  
  886225  886361  
  886410  886463  
  886483  886526  
  886813  886891  
  886905  886954  
  887237  887319  
  887480  887491  
  887777  888092  
  888098  888172  
  888279  888325  
  888457  888491  
  888530  888594  
  888810  888814  
  889168  889171  
  889621  889765  
  889950  890038  
  890195  890244  
  890358  890435  
  890629  890650  
  890700  890755  
  891169  891187  
  891312  891315  
  891696  891711  
  891834  891849  
  892145  892296  
  892437  892500  
  892737  892745  
  892810  892859  
  892866  892895  
  893115  893201  
  893277  893288  
  893578  893599  
  893760  893791  
  894188  894231  
  894237  894286  
  894313  894470  
  894919  894920  
  895049  895107  
  895284  895343  
  895351  895450  
  895710  895728  
  895878  895884  
  896010  896027  
  896107  896190  
  896548  896551  
  896863  896874  
  897255  897309  
  897765  898013  
  898217  898221  
  898681  898809  
  899081  899084  
  899188  899311  
  899381  899597  
  899743  899748  
  899817  899854  
  899882  899908  
  900339  900352  
  900555  900590  
  901058  901099  
  901397  901397  
  901420  901515  
  902007  902098  
  902543  902603  
  902640  902804  
  903237  903245  
  903680  903700  
  904039  904043  
  904249  904286  
  904641  904642  
  905022  905074  
  905567  905574  
  905866  905937  
  906231  906232  
  906544  906640  
  906949  906956  
  907053  907057  
  907452  907480  
  907747  907750  
  908165  908254  
  908508  908622  
  909078  909080  
  909429  909480  
  909697  909715  
  909913  909913  
  910334  910335  
  910795  910829  
  910968  910968  
  911123  911138  
  911189  911225  
  911506  911526  
  911856  911884  
  912185  912255  
  912721  912763  
  913050  913074  
  913347  913356  
  913666  913690  
  914171  914374  
  914608  914631  
  914891  914896  
  915330  915342  
  915556  915666  
  915917  915989  
  916102  916156  
  916395  916415  
  916522  916528  
  916530  916554  
  916628  916646  
  917053  917086  
  917420  917432  
  917438  917489  
  917674  917691  
  917997  918058  
  918508  918524  
  918795  918795  
  918800  918801  
  918805  918811  
  919201  919206  
  919455  919511  
  919957  919958  
  920283  920290  
  920393  920393  
  920449  920460  
  920865  921062  
  921365  921394  
  921754  921840  
  922312  922462  
  922544  922602  
  923009  923018  
  923342  923361  
  923626  923654  
  923790  923916  
  924220  924243  
  924297  924304  
  924629  924674  
  924893  924948  
  925321  925566  
  925769  925774  
  926030  926116  
  926604  926609  
  926997  927290  
  927326  927334  
  927636  927647  
  927967  928089  
  928412  928431  
  928506  928517  
  928610  928656  
  928761  928866  
  929187  929299  
  929769  929769  
  930001  930025  
  930298  930362  
  930530  930573  
  930875  930937  
  931113  931169  
  931186  931260  
  931699  931721  
  932051  932119  
  932235  932390  
  932771  932776  
  933101  933120  
  933482  933517  
  933806  933861  
  934191  934212  
  934520  934568  
  934946  934964  
  935189  935199  
  935329  935364  
  935462  935516  
  936014  936113  
  936375  936394  
  936544  936588  
  936912  936945  
  936981  937054  
  937511  937550  
  937766  937772  
  937969  938036  
  938120  938168  
  938605  938615  
  938675  938676  
  938934  938963  
  939113  939144  
  939224  939378  
  939760  939797  
  940042  940047  
  940440  940451  
  940798  940806  
  940875  940883  
  941259  941302  
  941539  941644  
  941946  941952  
  942158  942185  
  942469  942481  
  942736  942778  
  943095  943130  
  943169  943176  
  943325  943632  
  943672  943792  
  944049  944052  
  944126  944136  
  944600  944656  
  944807  944812  
  945249  945263  
  945550  945567  
  945970  945982  
  946410  946425  
  946584  946621  
  947049  947069  
  947459  947469  
  947822  947870  
  948104  948116  
  948594  948599  
  948774  948834  
  949331  949384  
  949633  949690  
  949975  950029  
  950122  950247  
  950368  950406  
  950491  950517  
  950651  950722  
  950903  950906  
  951185  951262  
  951666  951705  
  951861  951863  
  952050  952066  
  952453  952469  
  952917  952939  
  952998  953006  
  953058  953105  
  953353  953356  
  953413  953413  
  953734  953832  
  954026  954056  
  954275  954305  
  954318  954344  
  954483  954484  
  954831  954903  
  955298  955379  
  955580  955634  
  955662  955852  
  956008  956082  
  956211  956256  
  956454  956750  
  956837  956839  
  957003  957021  
  957085  957109  
  957586  957673  
  958007  958035  
  958155  958173  
  958638  958656  
  959086  959177  
  959273  959277  
  959369  959403  
  959710  959814  
  959815  959858  
  960354  960396  
  960606  960693  
  960739  960759  
  960792  960828  
  960950  960993  
  961163  961177  
  961205  961226  
  961282  961308  
  961519  961630  
  961733  961784  
  961939  962005  
  962372  962443  
  962723  962725  
  962955  963017  
  963455  963588  
  963826  963913  
  963918  963941  
  963998  964000  
  964010  964013  
  964359  964473  
  964677  964679  
  965005  965071  
  965168  965186  
  965520  965534  
  965560  965568  
  965649  965668  
  965860  965866  
  965914  965992  
  966353  966444  
  966574  966575  
  966990  967012  
  967439  967487  
  967640  967697  
  967998  967999  
  968009  968028  
  968265  968354  
  968825  968897  
  969011  969046  
  969246  969265  
  969420  969461  
  969540  969611  
  969954  969963  
  970287  970292  
  970763  970786  
  970835  970844  
  971027  971042  
  971536  971572  
  971898  971938  
  972036  972039  
  972364  972373  
  972435  972506  
  972903  972915  
  973019  973041  
  973047  973107  
  973156  973254  
  973285  973293  
  973561  973610  
  973809  973809  
  974066  974204  
  974411  974428  
  974611  974701  
  975123  975133  
  975628  975727  
  975815  975825  
  975886  976160  
  976600  976730  
  977171  977339  
  977545  977555  
  977645  977676  
  978010  978089  
  978420  978430  
  978748  978814  
  978960  978995  
  979345  979416  
  979467  979477  
  979677  979785  
  979929  979932  
  980099  980103  
  980359  980374  
  980561  980568  
  980736  980781  
  980787  980802  
  981027  981032  
  981480  981665  
  981769  981809  
  982199  982214  
  982542  982570  
  983038  983070  
  983485  983499  
  983633  983635  
  983673  983681  
  984083  984104  
  984439  984469  
  984649  984663  
  984865  985076  
  985559  985561  
  985917  985962  
  985999  985999  
  986152  986186  
  986617  986647  
  986839  986882  
  987176  987188  
  987654  987673  
  987720  987737  
  988151  988249  
  988307  988311  
  988791  988805  
  989021  989131  
  989507  989528  
  989691  989743  
  989914  989942  
  990118  990135  
  990413  990418  
  990420  990475  
  990973  991026  
  991078  991122  
  991290  991359  
  991804  991837  
  992259  992314  
  992805  992827  
  993163  993199  
  993579  993607  
  994098  994156  
  994332  994350  
  994750  994758  
  994950  994958  
  995139  995150  
  995622  995651  
  995813  995813  
  996125  996132  
  996335  996410  
  996799  996873  
  997015  997084  
  997222  997251  
  997629  997632  
  997878  997922  
  998027  998075  
  998504  998518  
  998726  998736  
  998918  998929  
  999244  999373  
  999654  999662  
  1000001  1000020  
  1000306  1000356  
  1000604  1000604  
  1000750  1000836  
  1001214  1001233  
  1001566  1001597  
  1001800  1001820  
  1002299  1002388  
  1002742  1002762  
  1002927  1002962  
  1003351  1003370  
  1003866  1003884  
  1004140  1004159  
  1004541  1004570  
  1004674  1004740  
  1004943  1004948  
  1005409  1005423  
  1005837  1005845  
  1005846  1005896  
  1006093  1006095  
  1006497  1006626  
  1007018  1007025  
  1007103  1007134  
  1007571  1007688  
  1007821  1007932  
  1008126  1008165  
  1008491  1008575  
  1009053  1009054  
  1009473  1009481  
  1009531  1009618  
  1009918  1009973  
  1010046  1010121  
  1010141  1010147  
  1010305  1010367  
  1010708  1010743  
  1010918  1010990  
  1011323  1011357  
  1011482  1011567  
  1012013  1012078  
  1012551  1012572  
  1012758  1012814  
  1013157  1013194  
  1013689  1013705  
  1013840  1013845  
  1013905  1014008  
  1014352  1014372  
  1014638  1014750  
  1014867  1014904  
  1014924  1014944  
  1015319  1015345  
  1015765  1015822  
  1016142  1016218  
  1016493  1016543  
  1016661  1016760  
  1017210  1017270  
  1017272  1017337  
  1017627  1017631  
  1017782  1017821  
  1018099  1018146  
  1018531  1018546  
  1019037  1019048  
  1019307  1019356  
  1019804  1019820  
  1020240  1020301  
  1020462  1020515  
  1020522  1020628  
  1020815  1020833  
  1020999  1021014  
  1021086  1021091  
  1021479  1021498  
  1021964  1022097  
  1022339  1022371  
  1022383  1022405  
  1022575  1022595  
  1023008  1023030  
  1023472  1023557  
  1023721  1023786  
  1024007  1024017  
  1024437  1024469  
  1024576  1024585  
  1025046  1025054  
  1025110  1025186  
  1025502  1025544  
  1025872  1025975  
  1026243  1026258  
  1026623  1026646  
  1027003  1027104  
  1027323  1027340  
  1027790  1027835  
  1028125  1028143  
  1028624  1028626  
  1028685  1028728  
  1029148  1029187  
  1029673  1029706  
  1030196  1030197  
  1030695  1030719  
  1030803  1030911  
  1030982  1031048  
  1031267  1031305  
  1031382  1031474  
  1031768  1031916  
  1032341  1032408  
  1032630  1032730  
  1033084  1033097  
  1033184  1033196  
  1033544  1033549  
  1033605  1033621  
  1033629  1033651  
  1033684  1033728  
  1033750  1033830  
  1034186  1034202  
  1034318  1034335  
  1034717  1034722  
  1035188  1035285  
  1035430  1035468  
  1035818  1035912  
  1036317  1036320  
  1036484  1036544  
  1036999  1037104  
  1037207  1037228  
  1037235  1037249  
  1037465  1037467  
  1037703  1037704  
  1038190  1038209  
  1038500  1038508  
  1038618  1038712  
  1038831  1038832  
  1039309  1039382  
  1039628  1039666  
  1039837  1039851  
  1040278  1040428  
  1040793  1040865  
  1040963  1041036  
  1041488  1041527  
  1042002  1042005  
  1042178  1042317  
  1042414  1042467  
  1042586  1042593  
  1042703  1042835  
  1043270  1043347  
  1043365  1043517  
  1043831  1043872  
  1044097  1044098  
  1044488  1044707  
  1044950  1044982  
  1045465  1045542  
  1045556  1045647  
  1046112  1046147  
  1046165  1046263  
  1046613  1046643  
  1046954  1046978  
  1047223  1047249  
  1047289  1047418  
  1047504  1047537  
  1047924  1047951  
  1048027  1048042  
  1048541  1048552  
  1048593  1048611  
  1049052  1049059  
  1049289  1049318  
  1049576  1049810  
  1050032  1050045  
  1050523  1050539  
  1050849  1050963  
  1051131  1051176  
  1051399  1051500  
  1051872  1051879  
  1052156  1052190  
  1052562  1052597  
  1052912  1052943  
  1053026  1053191  
  1053491  1053576  
  1053772  1053833  
  1054129  1054156  
  1054227  1054250  
  1054455  1054525  
  1054888  1054953  
  1055257  1055322  
  1055604  1055604  
  1055609  1055753  
  1055823  1055874  
  1056228  1056271  
  1056400  1056488  
  1056849  1056890  
  1057170  1057175  
  1057343  1057403  
  1057605  1057626  
  1058033  1058068  
  1058245  1058252  
  1058479  1058542  
  1058895  1058948  
  1059431  1059474  
  1059869  1059920  
  1060145  1060151  
  1060577  1060877  
  1061060  1061095  
  1061594  1061631  
  1061673  1061732  
  1061938  1061948  
  1062132  1062180  
  1062371  1062380  
  1062665  1062770  
  1063166  1063176  
  1063188  1063194  
  1063363  1063389  
  1063869  1063901  
  1064147  1064148  
  1064156  1064324  
  1064521  1064586  
  1064765  1064869  
  1065119  1065167  
  1065531  1065578  
  1065789  1065802  
  1066270  1066407  
  1066738  1066746  
  1066797  1066797  
  1067241  1067293  
  1067695  1067760  
  1068105  1068174  
  1068613  1068626  
  1068987  1068999  
  1069278  1069289  
  1069326  1069367  
  1069695  1069720  
  1069731  1069741  
  1069775  1069857  
  1070314  1070343  
  1070753  1070825  
  1071013  1071064  
  1071197  1071206  
  1071479  1071628  
  1071745  1071823  
  1072308  1072330  
  1072602  1072627  
  1072868  1072917  
  1072929  1072937  
  1073271  1073340  
  1073832  1073837  
  1074250  1074268  
  1074661  1074680  
  1074745  1074745  
  1075243  1075388  
  1075595  1075622  
  1076101  1076201  
  1076297  1076371  
  1076745  1076806  
  1077276  1077285  
  1077446  1077593  
  1077594  1077624  
  1077994  1078074  
  1078292  1078296  
  1078664  1078673  
  1078958  1078958  
  1078969  1079025  
  1079051  1079083  
  1079147  1079324  
  1079600  1079621  
  1079778  1079930  
  1080244  1080356  
  1080771  1080922  
  1081300  1081334  
  1081465  1081477  
  1081910  1081954  
  1082327  1082336  
  1082784  1082786  
  1083201  1083360  
  1083487  1083605  
  1083899  1083947  
  1084138  1084237  
  1084522  1084529  
  1084729  1084806  
  1085087  1085093  
  1085348  1085356  
  1085381  1085397  
  1085541  1085580  
  1085642  1085710  
  1085847  1085980  
  1086394  1086503  
  1086953  1086966  
  1087232  1087238  
  1087371  1087378  
  1087638  1087684  
  1088156  1088161  
  1088330  1088367  
  1088806  1088864  
  1089217  1089318  
  1089788  1089819  
  1090276  1090340  
  1090823  1090872  
  1090953  1091093  
  1091511  1091582  
  1092062  1092075  
  1092448  1092454  
  1092916  1092933  
  1092934  1092980  
  1093368  1093594  
  1093942  1094115  
  1094163  1094241  
  1094528  1094555  
  1095040  1095079  
  1095479  1095494  
  1095571  1095592  
  1096020  1096047  
  1096492  1096500  
  1096733  1096737  
  1096752  1096788  
  1097282  1097294  
  1097295  1097325  
  1097772  1097894  
  1098009  1098011  
  1098356  1098364  
  1098672  1098688  
  1098874  1098905  
  1098916  1099096  
  1099591  1099610  
  1099652  1099671  
  1100058  1100097  
  1100497  1100506  
  1100660  1100665  
  1101012  1101018  
  1101379  1101398  
  1101813  1101861  
  1101884  1101888  
  1102182  1102264  
  1102567  1102580  
  1102699  1102716  
  1102968  1102980  
  1103249  1103260  
  1103288  1103327  
  1103505  1103569  
  1103710  1103714  
  1104072  1104204  
  1104574  1104621  
  1105012  1105110  
  1105345  1105492  
  1105861  1105882  
  1106376  1106439  
  1106450  1106509  
  1106761  1106776  
  1107203  1107206  
  1107408  1107455  
  1107856  1107871  
  1107945  1107994  
  1108243  1108319  
  1108647  1108682  
  1108876  1108878  
  1109019  1109069  
  1109223  1109280  
  1109371  1109432  
  1109882  1109892  
  1110058  1110121  
  1110540  1110580  
  1110688  1110703  
  1110879  1110905  
  1111326  1111339  
  1111534  1111544  
  1111748  1111827  
  1111935  1111960  
  1112252  1112280  
  1112720  1112814  
  1113257  1113271  
  1113760  1113838  
  1113984  1114009  
  1114032  1114060  
  1114513  1114517  
  1114893  1114996  
  1115307  1115335  
  1115444  1115635  
  1115987  1115997  
  1116074  1116131  
  1116351  1116402  
  1116508  1116610  
  1116919  1116919  
  1116980  1116985  
  1117481  1117493  
  1117512  1117550  
  1117686  1117696  
  1118084  1118131  
  1118567  1118647  
  1119117  1119266  
  1119318  1119356  
  1119527  1119654  
  1119904  1119975  
  1120211  1120361  
  1120662  1120670  
  1121016  1121057  
  1121124  1121139  
  1121459  1121475  
  1121669  1121680  
  1121793  1121831  
  1121885  1121940  
  1122224  1122239  
  1122365  1122370  
  1122491  1122584  
  1122726  1122805  
  1123292  1123382  
  1123526  1123548  
  1123999  1124095  
  1124435  1124555  
  1124963  1124981  
  1125173  1125206  
  1125633  1125637  
  1125642  1125642  
  1126099  1126162  
  1126495  1126581  
  1127033  1127067  
  1127528  1127529  
  1127929  1128014  
  1128449  1128571  
  1129039  1129156  
  1129598  1129622  
  1129715  1129774  
  1129942  1130113  
  1130378  1130384  
  1130540  1130571  
  1130890  1130937  
  1131315  1131339  
  1131511  1131518  
  1131640  1131690  
  1131835  1131842  
  1132237  1132404  
  1132651  1132765  
  1132767  1132780  
  1133251  1133317  
  1133378  1133438  
  1133770  1133832  
  1133838  1133888  
  1134335  1134340  
  1134617  1134703  
  1134928  1134934  
  1135158  1135198  
  1135450  1135459  
  1135578  1135578  
  1135778  1135819  
  1135965  1135984  
  1136230  1136384  
  1136452  1136459  
  1136930  1136985  
  1137444  1137475  
  1137743  1137785  
  1138091  1138299  
  1138698  1138750  
  1139191  1139243  
  1139271  1139288  
  1139499  1139541  
  1139809  1139844  
  1140225  1140233  
  1140579  1140664  
  1141018  1141028  
  1141471  1141479  
  1141540  1141568  
  1141613  1141614  
  1141780  1141797  
  1142123  1142168  
  1142296  1142341  
  1142476  1142507  
  1142543  1142622  
  1142735  1142762  
  1143254  1143273  
  1143685  1143704  
  1144154  1144198  
  1144372  1144416  
  1144544  1144564  
  1144673  1144687  
  1145074  1145127  
  1145405  1145418  
  1145880  1146134  
  1146354  1146441  
  1146495  1146597  
  1147079  1147091  
  1147232  1147277  
  1147758  1147794  
  1147977  1148031  
  1148394  1148430  
  1148454  1148509  
  1148700  1148729  
  1148953  1148954  
  1149403  1149421  
  1149470  1149512  
  1149560  1149674  
  1149802  1150025  
  1150345  1150379  
  1150863  1150909  
  1151035  1151046  
  1151103  1151136  
  1151431  1151471  
  1151548  1151590  
  1151663  1151674  
  1151994  1152024  
  1152203  1152210  
  1152322  1152322  
  1152377  1152384  
  1152751  1152752  
  1152756  1152766  
  1153116  1153153  
  1153613  1153732  
  1154071  1154120  
  1154607  1154635  
  1154813  1154886  
  1155273  1155296  
  1155528  1155546  
  1155784  1155797  
  1156249  1156289  
  1156667  1156681  
  1157144  1157159  
  1157300  1157325  
  1157565  1157652  
  1157930  1157982  
  1158377  1158407  
  1158495  1158644  
  1158996  1159014  
  1159079  1159091  
  1159094  1159142  
  1159428  1159476  
  1159485  1159605  
  1159759  1159760  
  1160233  1160260  
  1160427  1160479  
  1160653  1160708  
  1161048  1161054  
  1161298  1161325  
  1161816  1161851  
  1161923  1161955  
  1162123  1162171  
  1162381  1162403  
  1162772  1162793  
  1162853  1162867  
  1163132  1163143  
  1163521  1163559  
  1164052  1164052  
  1164204  1164209  
  1164398  1164450  
  1164655  1164674  
  1165007  1165092  
  1165279  1165366  
  1165695  1165700  
  1166018  1166065  
  1166156  1166159  
  1166559  1166614  
  1167015  1167065  
  1167378  1167488  
  1167901  1167904  
  1168179  1168198  
  1168551  1168655  
  1168673  1168688  
  1168711  1168894  
  1169361  1169406  
  1169509  1169566  
  1169686  1169714  
  1169836  1169870  
  1170240  1170335  
  1170508  1170526  
  1170604  1170636  
  1170849  1170876  
  1171162  1171219  
  1171571  1171578  
  1172010  1172042  
  1172535  1172605  
  1172635  1172650  
  1172919  1173001  
  1173314  1173315  
  1173527  1173561  
  1173982  1173983  
  1174199  1174295  
  1174780  1174808  
  1175079  1175112  
  1175455  1175580  
  1175939  1176157  
  1176305  1176351  
  1176844  1176869  
  1177012  1177115  
  1177209  1177356  
  1177781  1177789  
  1178201  1178421  
  1178595  1178595  
  1178945  1179174  
  1179644  1179650  
  1179813  1179884  
  1180148  1180197  
  1180389  1180414  
  1180631  1180658  
  1181046  1181096  
  1181278  1181281  
  1181523  1181611  
  1182059  1182062  
  1182485  1182493  
  1182663  1182717  
  1182767  1182837  
  1183013  1183114  
  1183413  1183420  
  1183487  1183520  
  1183737  1183787  
  1183856  1183882  
  1184109  1184147  
  1184340  1184371  
  1184740  1184838  
  1185261  1185285  
  1185302  1185332  
  1185518  1185529  
  1185886  1185919  
  1186021  1186071  
  1186163  1186227  
  1186535  1186558  
  1186743  1186771  
  1187053  1187064  
  1187394  1187396  
  1187784  1187840  
  1188155  1188234  
  1188567  1188571  
  1188603  1188623  
  1188702  1188712  
  1188917  1188921  
  1189311  1189316  
  1189788  1189864  
  1190268  1190357  
  1190467  1190507  
  1190975  1190994  
  1191046  1191048  
  1191159  1191174  
  1191256  1191294  
  1191777  1191803  
  1192002  1192069  
  1192239  1192242  
  1192248  1192290  
  1192664  1192664  
  1192804  1192888  
  1193127  1193158  
  1193568  1193597  
  1193709  1193793  
  1194011  1194036  
  1194376  1194438  
  1194931  1195011  
  1195358  1195364  
  1195719  1195729  
  1196050  1196114  
  1196599  1196699  
  1196949  1197066  
  1197482  1197589  
  1198001  1198091  
  1198122  1198196  
  1198307  1198384  
  1198708  1198710  
  1198920  1198932  
  1198938  1198971  
  1199218  1199345  
  1199559  1199594  
  1199887  1199917  
  1200374  1200380  
  1200430  1200493  
  1200523  1200618  
  1200939  1200944  
  1201152  1201189  
  1201416  1201422  
  1201755  1201846  
  1202169  1202355  
  1202655  1202681  
  1203108  1203150  
  1203205  1203207  
  1203453  1203542  
  1203909  1203962  
  1204145  1204201  
  1204685  1204707  
  1204781  1204783  
  1204920  1205005  
  1205376  1205434  
  1205856  1205893  
  1206188  1206234  
  1206653  1206670  
  1207022  1207069  
  1207162  1207183  
  1207643  1207661  
  1207796  1207806  
  1208262  1208334  
  1208719  1208790  
  1208966  1209135  
  1209516  1209612  
  1209695  1209734  
  1209954  1209954  
  1210072  1210076  
  1210091  1210100  
  1210500  1210599  
  1210813  1210841  
  1211216  1211300  
  1211431  1211549  
  1211767  1211956  
  1212187  1212229  
  1212273  1212332  
  1212378  1212385  
  1212580  1212612  
  1213081  1213118  
  1213563  1213581  
  1213959  1213965  
  1214194  1214349  
  1214420  1214456  
  1214650  1214658  
  1215076  1215096  
  1215167  1215169  
  1215459  1215478  
  1215801  1215815  
  1216174  1216195  
  1216460  1216476  
  1216729  1216780  
  1217109  1217162  
  1217543  1217600  
  1217927  1217968  
  1218363  1218364  
  1218677  1218696  
  1219170  1219186  
  1219515  1219576  
  1219945  1219963  
  1219975  1219994  
  1220426  1220524  
  1220606  1220661  
  1220909  1220931  
  1221028  1221052  
  1221072  1221079  
  1221329  1221350  
  1221684  1221765  
  1222263  1222279  
  1222397  1222504  
  1222670  1222755  
  1222954  1223013  
  1223498  1223576  
  1223993  1224009  
  1224156  1224227  
  1224289  1224369  
  1224561  1224633  
  1224816  1224912  
  1224978  1224994  
  1225001  1225074  
  1225121  1225136  
  1225410  1225468  
  1225488  1225604  
  1225955  1225992  
  1226005  1226105  
  1226228  1226264  
  1226443  1226457  
  1226582  1226656  
  1226744  1226849  
  1227268  1227305  
  1227491  1227500  
  1227574  1227593  
  1228017  1228033  
  1228298  1228359  
  1228457  1228484  
  1228534  1228577  
  1229056  1229466  
  1229824  1229839  
  1229921  1229987  
  1230267  1230302  
  1230622  1230634  
  1230922  1230984  
  1231271  1231365  
  1231667  1231740  
  1231790  1231829  
  1232149  1232169  
  1232311  1232462  
  1232583  1232632  
  1232765  1232765  
  1233062  1233093  
  1233452  1233457  
  1233836  1233896  
  1234101  1234230  
  1234655  1234670  
  1234832  1234859  
  1235016  1235042  
  1235540  1235568  
  1236053  1236102  
  1236365  1236382  
  1236605  1236612  
  1236877  1236918  
  1236976  1237042  
  1237365  1237417  
  1237523  1237581  
  1237805  1237895  
  1237901  1237921  
  1237976  1237980  
  1238199  1238214  
  1238379  1238400  
  1238676  1238688  
  1239063  1239130  
  1239533  1239537  
  1239879  1239888  
  1239897  1239915  
  1240224  1240242  
  1240684  1240695  
  1240752  1240811  
  1240889  1240936  
  1241122  1241137  
  1241338  1241420  
  1241802  1241896  
  1242064  1242106  
  1242461  1242487  
  1242868  1242899  
  1242956  1242958  
  1243019  1243061  
  1243488  1243569  
  1243856  1243861  
  1244329  1244345  
  1244455  1244521  
  1244899  1244907  
  1245206  1245281  
  1245520  1245532  
  1246010  1246070  
  1246501  1246670  
  1246709  1246739  
  1246766  1246796  
  1246879  1246945  
  1247114  1247132  
  1247346  1247390  
  1247546  1247618  
  1248093  1248119  
  1248157  1248224  
  1248279  1248306  
  1248420  1248467  
  1248534  1248624  
  1248790  1249025  
  1249105  1249127  
  1249236  1249268  
  1249386  1249401  
  1249545  1249568  
  1249926  1249963  
  1250149  1250167  
  1250608  1250618  
  1250950  1250969  
  1251241  1251241  
  1251364  1251402  
  1251899  1251904  
  1252025  1252091  
  1252345  1252385  
  1252472  1252486  
  1252728  1252761  
  1252909  1252913  
  1253358  1253444  
  1253757  1253764  
  1254131  1254181  
  1254548  1254661  
  1254821  1254951  
  1254952  1255067  
  1255293  1255309  
  1255446  1255459  
  1255461  1255550  
  1256028  1256070  
  1256216  1256224  
  1256624  1256672  
  1257070  1257071  
  1257373  1257374  
  1257800  1257919  
  1258038  1258069  
  1258260  1258270  
  1258484  1258487  
  1258928  1258996  
  1259160  1259206  
  1259213  1259252  
  1259477  1259492  
  1259867  1259940  
  1260430  1260440  
  1260670  1260688  
  1260792  1260804  
  1261146  1261169  
  1261176  1261262  
  1261521  1261546  
  1261929  1262066  
  1262314  1262366  
  1262533  1262533  
  1262568  1262580  
  1262914  1262971  
  1263199  1263213  
  1263647  1263655  
  1263970  1264114  
  1264385  1264406  
  1264830  1264948  
  1265043  1265112  
  1265301  1265311  
  1265647  1265692  
  1266001  1266014  
  1266230  1266237  
  1266316  1266474  
  1266848  1266848  
  1267338  1267352  
  1267659  1267692  
  1268110  1268186  
  1268312  1268428  
  1268601  1268612  
  1268794  1268810  
  1269242  1269267  
  1269529  1269561  
  1270004  1270020  
  1270319  1270368  
  1270691  1270694  
  1270995  1271054  
  1271152  1271178  
  1271402  1271426  
  1271843  1271888  
  1271922  1271966  
  1272128  1272176  
  1272263  1272279  
  1272336  1272342  
  1272510  1272689  
  1272785  1272846  
  1272954  1273077  
  1273508  1273612  
  1273876  1273890  
  1273913  1273949  
  1274048  1274050  
  1274530  1274676  
  1274760  1274783  
  1274878  1274885  
  1275296  1275299  
  1275669  1275682  
  1275697  1275778  
  1275925  1276080  
  1276268  1276406  
  1276724  1276976  
  1277108  1277216  
  1277439  1277518  
  1277867  1277875  
  1278245  1278248  
  1278254  1278275  
  1278281  1278318  
  1278319  1278349  
  1278649  1278734  
  1278950  1278958  
  1279102  1279130  
  1279450  1279464  
  1279747  1279757  
  1279807  1279833  
  1279965  1280050  
  1280329  1280439  
  1280541  1280591  
  1280626  1280704  
  1281035  1281073  
  1281167  1281180  
  1281254  1281389  
  1281390  1281412  
  1281441  1281511  
  1281598  1281601  
  1281691  1281795  
  1282254  1282259  
  1282295  1282324  
  1282329  1282348  
  1282442  1282454  
  1282647  1282661  
  1282781  1282784  
  1283098  1283186  
  1283510  1283576  
  1283986  1284060  
  1284529  1284596  
  1284981  1285075  
  1285551  1285576  
  1285630  1285688  
  1286035  1286073  
  1286436  1286450  
  1286770  1286821  
  1287051  1287074  
  1287435  1287555  
  1287982  1288033  
  1288407  1288452  
  1288822  1288910  
  1289404  1289505  
  1289527  1289529  
  1289539  1289543  
  1289638  1289683  
  1290000  1290035  
  1290415  1290416  
  1290802  1290813  
  1291182  1291220  
  1291698  1291768  
  1292063  1292221  
  1292353  1292386  
  1292842  1292853  
  1293154  1293254  
  1293726  1293749  
  1294245  1294339  
  1294641  1294808  
  1295119  1295399  
  1295447  1295450  
  1295763  1295768  
  1296063  1296083  
  1296115  1296184  
  1296537  1296553  
  1297025  1297086  
  1297533  1297603  
  1297906  1297968  
  1298184  1298189  
  1298354  1298387  
  1298886  1298905  
  1299001  1299010  
  1299086  1299162  
  1299612  1299674  
  1300128  1300175  
  1300606  1300609  
  1300857  1300861  
  1301232  1301240  
  1301403  1301640  
  1301669  1301808  
  1301976  1301986  
  1302404  1302536  
  1302799  1302809  
  1302891  1302960  
  1303155  1303268  
  1303280  1303293  
  1303414  1303430  
  1303597  1303657  
  1304104  1304119  
  1304420  1304526  
  1304847  1304865  
  1305049  1305103  
  1305410  1305415  
  1305457  1305551  
  1305862  1305862  
  1306226  1306253  
  1306699  1306880  
  1307098  1307180  
  1307549  1307570  
  1307611  1307678  
  1308134  1308153  
  1308608  1308670  
  1309111  1309126  
  1309407  1309420  
  1309660  1309732  
  1309791  1309801  
  1309978  1309996  
  1310436  1310473  
  1310817  1310948  
  1311116  1311142  
  1311461  1311497  
  1311941  1311964  
  1312034  1312074  
  1312090  1312306  
  1312533  1312595  
  1312697  1312716  
  1313003  1313029  
  1313515  1313570  
  1313670  1313722  
  1314015  1314040  
  1314196  1314260  
  1314403  1314418  
  1314679  1314738  
  1315188  1315227  
  1315232  1315290  
  1315655  1315687  
  1315818  1315823  
  1316277  1316290  
  1316681  1316745  
  1316801  1316895  
  1316964  1317063  
  1317468  1317502  
  1317581  1317615  
  1318046  1318106  
  1318408  1318409  
  1318577  1318599  
  1318883  1318925  
  1319307  1319352  
  1319655  1319691  
  1319702  1319765  
  1320042  1320174  
  1320560  1320624  
  1320973  1321011  
  1321119  1321275  
  1321311  1321349  
  1321840  1321860  
  1322087  1322130  
  1322454  1322553  
  1322708  1323064  
  1323386  1323438  
  1323841  1323940  
  1324242  1324249  
  1324745  1324746  
  1325144  1325222  
  1325333  1325380  
  1325515  1325517  
  1325942  1325958  
  1326194  1326200  
  1326576  1326672  
  1327103  1327202  
  1327581  1327612  
  1327836  1327866  
  1328304  1328327  
  1328414  1328452  
  1328660  1328665  
  1328852  1328914  
  1329105  1329128  
  1329487  1329498  
  1329526  1329731  
  1329850  1329852  
  1330262  1330440  
  1330734  1330769  
  1331213  1331237  
  1331703  1331911  
  1332385  1332545  
  1332956  1332986  
  1333297  1333312  
  1333620  1333620  
  1333648  1333663  
  1333909  1333934  
  1334095  1334141  
  1334390  1334438  
  1334822  1334840  
  1335171  1335187  
  1335331  1335337  
  1335538  1335625  
  1335921  1335962  
  1336041  1336103  
  1336585  1336671  
  1336712  1336769  
  1336939  1336987  
  1337144  1337175  
  1337230  1337245  
  1337408  1337434  
  1337919  1337941  
  1338425  1338490  
  1338835  1339010  
  1339446  1339474  
  1339847  1339861  
  1340232  1340244  
  1340717  1340757  
  1340856  1340917  
  1340989  1341088  
  1341579  1341794  
  1342106  1342115  
  1342181  1342231  
  1342431  1342483  
  1342729  1342829  
  1342887  1342890  
  1343089  1343157  
  1343486  1343494  
  1343857  1343894  
  1343980  1343998  
  1344210  1344285  
  1344765  1344768  
  1344874  1344998  
  1345013  1345068  
  1345175  1345186  
  1345234  1345332  
  1345594  1345598  
  1345918  1345973  
  1346224  1346266  
  1346547  1346592  
  1346917  1346940  
  1347039  1347048  
  1347345  1347431  
  1347578  1347679  
  1347848  1347887  
  1348008  1348046  
  1348530  1348541  
  1348963  1349043  
  1349256  1349325  
  1349366  1349375  
  1349544  1349584  
  1349974  1350020  
  1350419  1350635  
  1351123  1351304  
  1351789  1351801  
  1352110  1352119  
  1352168  1352215  
  1352695  1352708  
  1352959  1352974  
  1353404  1353508  
  1353922  1353950  
  1354007  1354048  
  1354353  1354355  
  1354670  1354682  
  1354975  1355001  
  1355196  1355237  
  1355672  1355696  
  1355831  1355844  
  1356272  1356341  
  1356501  1356505  
  1356679  1356734  
  1356974  1356975  
  1356997  1357037  
  1357377  1357399  
  1357724  1357725  
  1358156  1358203  
  1358660  1358671  
  1358797  1358818  
  1358853  1358869  
  1358946  1358968  
  1359219  1359219  
  1359630  1359737  
  1359987  1360022  
  1360485  1360505  
  1360897  1361084  
  1361087  1361108  
  1361177  1361188  
  1361466  1361534  
  1361611  1361681  
  1361763  1361780  
  1362090  1362095  
  1362308  1362359  
  1362507  1362510  
  1362668  1362683  
  1362768  1362942  
  1363432  1363527  
  1363820  1363854  
  1364127  1364295  
  1364736  1364776  
  1365130  1365224  
  1365561  1365563  
  1366046  1366218  
  1366644  1366713  
  1366974  1367111  
  1367342  1367362  
  1367669  1367786  
  1368241  1368245  
  1368730  1368755  
  1369162  1369298  
  1369779  1369822  
  1370202  1370208  
  1370337  1370428  
  1370749  1370767  
  1371204  1371243  
  1371607  1371654  
  1372000  1372231  
  1372706  1372806  
  1373090  1373158  
  1373399  1373500  
  1373568  1373677  
  1373871  1373932  
  1374035  1374133  
  1374557  1374594  
  1374957  1375005  
  1375132  1375220  
  1375256  1375310  
  1375481  1375548  
  1375912  1375934  
  1376013  1376030  
  1376387  1376409  
  1376753  1376765  
  1376875  1376897  
  1377358  1377402  
  1377573  1377626  
  1377892  1377934  
  1378016  1378091  
  1378489  1378501  
  1378973  1378988  
  1379258  1379340  
  1379575  1379625  
  1379774  1379824  
  1380128  1380132  
  1380489  1380489  
  1380663  1380680  
  1380792  1380866  
  1381190  1381328  
  1381434  1381470  
  1381957  1381983  
  1382048  1382125  
  1382343  1382353  
  1382738  1382746  
  1382979  1383019  
  1383040  1383041  
  1383082  1383134  
  1383483  1383533  
  1383683  1383683  
  1383976  1383997  
  1384177  1384212  
  1384684  1384733  
  1384932  1384936  
  1385314  1385334  
  1385825  1385916  
  1385973  1385990  
  1386427  1386558  
  1386752  1386776  
  1387267  1387275  
  1387691  1387693  
  1388175  1388218  
  1388334  1388435  
  1388444  1388453  
  1388515  1388608  
  1389035  1389058  
  1389446  1389449  
  1389563  1389651  
  1389700  1389701  
  1390185  1390192  
  1390535  1390604  
  1390882  1390943  
  1391336  1391361  
  1391526  1391537  
  1391618  1391686  
  1391975  1392021  
  1392153  1392196  
  1392315  1392376  
  1392550  1392703  
  1392943  1392961  
  1393442  1393454  
  1393659  1393684  
  1393744  1393759  
  1393764  1393826  
  1394041  1394172  
  1394665  1394671  
  1394799  1394819  
  1395258  1395324  
  1395590  1395594  
  1395973  1396078  
  1396417  1396468  
  1396868  1396926  
  1397000  1397029  
  1397087  1397114  
  1397243  1397264  
  1397373  1397430  
  1397472  1397501  
  1397931  1397943  
  1397993  1398025  
  1398500  1398530  
  1398664  1398910  
  1399329  1399331  
  1399454  1399544  
  1399681  1399739  
  1399896  1399901  
  1400124  1400172  
  1400474  1400481  
  1400752  1400815  
  1400882  1400947  
  1401036  1401039  
  1401106  1401114  
  1401351  1401398  
  1401802  1401816  
  1401955  1402033  
  1402344  1402386  
  1402613  1402614  
  1402747  1402757  
  1402942  1402960  
  1403011  1403105  
  1403389  1403396  
  1403721  1403737  
  1404160  1404187  
  1404310  1404414  
  1404428  1404445  
  1404768  1404783  
  1405207  1405256  
  1405455  1405493  
  1405958  1405986  
  1406118  1406140  
  1406281  1406344  
  1406683  1406785  
  1407026  1407038  
  1407443  1407444  
  1407911  1407942  
  1407964  1407969  
  1408067  1408081  
  1408209  1408211  
  1408419  1408421  
  1408665  1408670  
  1409010  1409010  
  1409189  1409250  
  1409355  1409416  
  1409598  1409600  
  1410065  1410071  
  1410373  1410435  
  1410627  1410712  
  1411181  1411217  
  1411704  1411723  
  1412205  1412224  
  1412353  1412376  
  1412563  1412608  
  1412870  1412902  
  1413045  1413098  
  1413244  1413249  
  1413531  1413608  
  1413698  1413762  
  1414170  1414317  
  1414440  1414494  
  1414613  1414640  
  1414777  1414855  
  1415267  1415314  
  1415715  1415715  
  1416089  1416121  
  1416562  1416825  
  1417286  1417310  
  1417749  1417753  
  1417932  1418009  
  1418252  1418257  
  1418416  1418428  
  1418518  1418534  
  1418576  1418669  
  1418795  1418825  
  1419143  1419210  
  1419400  1419437  
  1419854  1419887  
  1420332  1420375  
  1420782  1420816  
  1421165  1421246  
  1421675  1421710  
  1421981  1422026  
  1422411  1422441  
  1422732  1422771  
  1423246  1423257  
  1423643  1423702  
  1424090  1424110  
  1424254  1424343  
  1424564  1424624  
  1425077  1425163  
  1425327  1425375  
  1425597  1425703  
  1425943  1425993  
  1426360  1426366  
  1426374  1426401  
  1426437  1426462  
  1426811  1426875  
  1427044  1427052  
  1427546  1427615  
  1427650  1427724  
  1428126  1428242  
  1428560  1428606  
  1429081  1429146  
  1429268  1429327  
  1429418  1429470  
  1429614  1429716  
  1430125  1430135  
  1430262  1430274  
  1430565  1430603  
  1430996  1431073  
  1431374  1431374  
  1431871  1431954  
  1432152  1432201  
  1432346  1432365  
  1432514  1432583  
  1432865  1432868  
  1432923  1432939  
  1433068  1433124  
  1433289  1433325  
  1433480  1433516  
  1433640  1433691  
  1433755  1433768  
  1433786  1433888  
  1434198  1434235  
  1434605  1434648  
  1434706  1434741  
  1435073  1435135  
  1435170  1435176  
  1435598  1435761  
  1435841  1435843  
  1436223  1436289  
  1436416  1436612  
  1436781  1436803  
  1437239  1437278  
  1437657  1437674  
  1437705  1437882  
  1438290  1438290  
  1438583  1438608  
  1438763  1438769  
  1438829  1438957  
  1439313  1439348  
  1439499  1439608  
  1439783  1439845  
  1439962  1440092  
  1440441  1440694  
  1441048  1441107  
  1441403  1441456  
  1441926  1441942  
  1442021  1442040  
  1442411  1442414  
  1442466  1442539  
  1442944  1443007  
  1443308  1443355  
  1443675  1443699  
  1443750  1443793  
  1444217  1444301  
  1444485  1444525  
  1444804  1444805  
  1445190  1445268  
  1445494  1445515  
  1445589  1445628  
  1445765  1445791  
  1445868  1445870  
  1446273  1446285  
  1446560  1446593  
  1446760  1446862  
  1446898  1446906  
  1446931  1446942  
  1447165  1447258  
  1447297  1447452  
  1447838  1447842  
  1447965  1447988  
  1448079  1448168  
  1448437  1448474  
  1448916  1448937  
  1449314  1449492  
  1449947  1449952  
  1450047  1450048  
  1450102  1450234  
  1450549  1450552  
  1451030  1451046  
  1451394  1451475  
  1451918  1451923  
  1451966  1452020  
  1452440  1452451  
  1452464  1452505  
  1452867  1452927  
  1453067  1453117  
  1453590  1453735  
  1454046  1454107  
  1454344  1454385  
  1454705  1454707  
  1455154  1455208  
  1455377  1455380  
  1455389  1455404  
  1455407  1455431  
  1455650  1455665  
  1456017  1456055  
  1456168  1456209  
  1456660  1456660  
  1456668  1456749  
  1456845  1456872  
  1457227  1457254  
  1457636  1457827  
  1457929  1458103  
  1458568  1458602  
  1458801  1459040  
  1459117  1459146  
  1459497  1459557  
  1459857  1459875  
  1459981  1459993  
  1460167  1460174  
  1460620  1460630  
  1460952  1460981  
  1461473  1461556  
  1461853  1462005  
  1462377  1462522  
  1462986  1463063  
  1463561  1463647  
  1463897  1463926  
  1464140  1464146  
  1464541  1464543  
  1464969  1464983  
  1465480  1465536  
  1465678  1465693  
  1465752  1465759  
  1466146  1466320  
  1466684  1466758  
  1466997  1467016  
  1467064  1467135  
  1467331  1467369  
  1467382  1467402  
  1467601  1467623  
  1467902  1467912  
  1468126  1468174  
  1468372  1468382  
  1468697  1468708  
  1468968  1469063  
  1469451  1469455  
  1469789  1469819  
  1469825  1469879  
  1470066  1470116  
  1470612  1470648  
  1471102  1471365  
  1471666  1471717  
  1471891  1471905  
  1472162  1472169  
  1472342  1472410  
  1472872  1472924  
  1473364  1473420  
  1473689  1473833  
  1474281  1474307  
  1474793  1474801  
  1474917  1474923  
  1475016  1475267  
  1475425  1475438  
  1475445  1475582  
  1475974  1476070  
  1476245  1476292  
  1476585  1476587  
  1476959  1476982  
  1477062  1477193  
  1477321  1477364  
  1477792  1477878  
  1477963  1477970  
  1478390  1478457  
  1478830  1478942  
  1479161  1479269  
  1479490  1479568  
  1480017  1480125  
  1480430  1480747  
  1481016  1481061  
  1481086  1481162  
  1481448  1481522  
  1481906  1481931  
  1482171  1482178  
  1482628  1482638  
  1482954  1483157  
  1483399  1483399  
  1483418  1483420  
  1483557  1483601  
  1483847  1483945  
  1484101  1484125  
  1484336  1484390  
  1484842  1484915  
  1485256  1485269  
  1485574  1485574  
  1485977  1486011  
  1486461  1486477  
  1486646  1486698  
  1487185  1487197  
  1487254  1487347  
  1487605  1487762  
  1488183  1488371  
  1488869  1488996  
  1489002  1489072  
  1489558  1489573  
  1490052  1490053  
  1490459  1490553  
  1490760  1490763  
  1491214  1491270  
  1491495  1491537  
  1491911  1492079  
  1492493  1492674  
  1493116  1493141  
  1493324  1493394  
  1493544  1493574  
  1493984  1494204  
  1494280  1494289  
  1494782  1494829  
  1494892  1494895  
  1495253  1495400  
  1495445  1495539  
  1495717  1495736  
  1495930  1496064  
  1496255  1496260  
  1496754  1496832  
  1496845  1496987  
  1497355  1497395  
  1497548  1497551  
  1497661  1497776  
  1498071  1498099  
  1498417  1498425  
  1498814  1498815  
  1498843  1498924  
  1499372  1499475  
  1499573  1499588  
  1500029  1500088  
  1500250  1500290  
  1500404  1500535  
  1500760  1500794  
  1500857  1500920  
  1501246  1501251  
  1501257  1501298  
  1501575  1501697  
  1502137  1502217  
  1502620  1502648  
  1502681  1502738  
  1502878  1502923  
  1503344  1503370  
  1503548  1503591  
  1503601  1503615  
  1503885  1503891  
  1504037  1504107  
  1504578  1504723  
  1504898  1504938  
  1505382  1505537  
  1505656  1505664  
  1506135  1506212  
  1506507  1506525  
  1506670  1506682  
  1506981  1506999  
  1507336  1507351  
  1507761  1507854  
  1507868  1507942  
  1507984  1508046  
  1508389  1508447  
  1508699  1508780  
  1509268  1509352  
  1509837  1509837  
  1510188  1510188  
  1510236  1510382  
  1510386  1510407  
  1510495  1510502  
  1510796  1510799  
  1510953  1511007  
  1511040  1511070  
  1511527  1511541  
  1511553  1511587  
  1511989  1512163  
  1512573  1512622  
  1512932  1512975  
