  86  192  
  387  503  
  781  903  
  1352  1485  
  1626  1721  
  2017  2105  
  2363  2510  
  2794  2911  
  2934  3024  
  3058  3134  
  3525  3620  
  4025  4121  
  4510  4591  
  4644  4763  
  5219  5343  
  5462  5590  
  5905  5978  
  6137  6230  
  6269  6373  
  6787  6878  
  7206  7308  
  7363  7434  
  7520  7591  
  7891  8004  
  8340  8426  
  8615  8690  
  9077  9196  
  9637  9757  
  9945  10037  
  10297  10399  
  10688  10837  
  11292  11377  
  11593  11691  
  11984  12086  
  12423  12512  
  12662  12768  
  13088  13167  
  13337  13425  
  13741  13846  
  14109  14163  
  14324  14433  
  14647  14742  
  15140  15209  
  15418  15503  
  15679  15755  
  15849  15958  
  16062  16172  
  16380  16494  
  16809  16910  
  17034  17139  
  17406  17529  
  17758  17838  
  18322  18443  
  18810  18902  
  19119  19230  
  19457  19540  
  20032  20106  
  20385  20493  
  20880  20971  
  21159  21250  
  21491  21593  
  21771  21889  
  21971  22034  
  22256  22351  
  22502  22559  
  22568  22712  
  22844  22930  
  23350  23449  
  23943  24070  
  24301  24381  
  24564  24691  
  24925  25027  
  25215  25316  
  25349  25458  
  25619  25704  
  25918  26049  
  26387  26472  
  26726  26816  
  27047  27177  
  27589  27659  
  28079  28172  
  28464  28580  
  29013  29071  
  29442  29526  
  29532  29631  
  29918  30015  
  30276  30358  
  30643  30778  
  30816  30911  
  31002  31104  
  31399  31507  
  31866  31982  
  32360  32478  
  32843  32947  
  33404  33525  
  33979  34088  
  34377  34467  
  34740  34833  
  35135  35219  
  35590  35729  
  36190  36289  
  36562  36657  
  36774  36865  
  36961  37067  
  37323  37430  
  37552  37692  
  37839  37928  
  38033  38125  
  38241  38355  
  38450  38533  
  38847  38954  
  39353  39443  
  39795  39907  
  40377  40531  
  40760  40851  
  41332  41436  
  41637  41752  
  41802  41908  
  41952  42022  
  42230  42301  
  42414  42518  
  42632  42714  
  42762  42857  
  43200  43297  
  43405  43547  
  43932  44085  
  44226  44312  
  44654  44710  
  44992  45117  
  45139  45193  
  45498  45578  
  45669  45773  
  45793  45859  
  46236  46361  
  46694  46768  
  46950  47051  
  47491  47598  
  47813  47861  
  47999  48073  
  48567  48639  
  48959  49053  
  49432  49525  
  49797  49874  
  49971  50065  
  50215  50277  
  50673  50762  
  50861  50970  
  51029  51147  
  51158  51249  
  51655  51781  
  51929  52018  
  52109  52222  
  52287  52387  
  52610  52703  
  52989  53101  
  53339  53441  
  53709  53826  
  54125  54258  
  54524  54585  
  55021  55153  
  55294  55393  
  55421  55523  
  55622  55706  
  55956  56045  
  56387  56499  
  56919  57007  
  57072  57166  
  57263  57365  
  57641  57694  
  57738  57859  
  58000  58111  
  58169  58246  
  58487  58532  
  58591  58703  
  58939  59018  
  59441  59533  
  60021  60112  
  60167  60227  
  60522  60618  
  60996  61089  
  61416  61528  
  61691  61783  
  62079  62170  
  62418  62510  
  62983  63066  
  63206  63310  
  63628  63725  
  63910  63995  
  64301  64443  
  64596  64699  
  65053  65144  
  65319  65423  
  65542  65670  
  66070  66144  
  66223  66283  
  66301  66414  
  66425  66511  
  66728  66847  
  66885  66951  
  67168  67254  
  67354  67467  
  67747  67832  
  68261  68348  
  68681  68772  
  69148  69267  
  69685  69773  
  70227  70311  
  70350  70442  
  70543  70643  
  70897  70991  
  71007  71121  
  71591  71683  
  71831  71931  
  72296  72386  
  72464  72583  
  72864  72983  
  73383  73507  
  74004  74093  
  74506  74598  
  74793  74933  
  75076  75160  
  75420  75491  
  75656  75746  
  75899  76014  
  76042  76111  
  76573  76675  
  76749  76836  
  77003  77126  
  77464  77550  
  77989  78057  
  78293  78410  
  78736  78874  
  79363  79453  
  79704  79787  
  79946  80073  
  80568  80638  
  81033  81155  
  81230  81307  
  81385  81534  
  81657  81725  
  81999  82102  
  82369  82464  
  82807  82897  
  83358  83452  
  83783  83901  
  84031  84120  
  84299  84413  
  84849  84975  
  85205  85306  
  85323  85426  
  85871  85957  
  85977  86083  
  86546  86624  
  86851  86972  
  87140  87219  
  87413  87496  
  87505  87619  
  87898  87996  
  88495  88591  
  88601  88706  
  88774  88876  
  89126  89202  
  89335  89466  
  89729  89799  
  89836  89948  
  90245  90357  
  90501  90598  
  90699  90792  
  91179  91266  
  91273  91317  
  91678  91808  
  91959  92068  
  92078  92194  
  92369  92451  
  92807  92946  
  93432  93557  
  93881  94006  
  94081  94180  
  94393  94489  
  94878  94993  
  95213  95305  
  95408  95506  
  95910  95994  
  96102  96184  
  96639  96723  
  97188  97293  
  97788  97907  
  98244  98355  
  98832  98942  
  99265  99340  
  99393  99506  
  99552  99657  
  99949  100078  
  100494  100585  
  100591  100736  
  101218  101356  
  101503  101608  
  101780  101872  
  102196  102317  
  102726  102833  
  103291  103364  
  103383  103483  
  103869  103995  
  104031  104118  
  104124  104250  
  104457  104567  
  104919  105059  
  105149  105238  
  105474  105591  
  105713  105815  
  106164  106219  
  106470  106573  
  106765  106873  
  106946  107056  
  107431  107537  
  107548  107647  
  108130  108230  
  108621  108726  
  108873  108967  
  108974  109087  
  109376  109468  
  109584  109685  
  110124  110238  
  110259  110341  
  110806  110908  
  110975  111025  
  111305  111396  
  111560  111647  
  111778  111877  
  112170  112257  
  112295  112388  
  112875  112965  
  113089  113186  
  113230  113369  
  113630  113722  
  114103  114222  
  114583  114661  
  114713  114836  
  115065  115141  
  115567  115683  
  115927  116010  
  116052  116145  
  116310  116408  
  116438  116539  
  116844  116913  
  116927  117037  
  117090  117210  
  117507  117594  
  117712  117799  
  118275  118388  
  118787  118894  
  119179  119273  
  119757  119853  
  120293  120428  
  120696  120780  
  121167  121269  
  121719  121821  
  122239  122350  
  122670  122798  
  123147  123235  
  123724  123811  
  123899  123974  
  124266  124338  
  124656  124733  
  124929  125017  
  125058  125154  
  125483  125601  
  125937  126007  
  126438  126552  
  126678  126794  
  127194  127292  
  127623  127711  
  127722  127841  
  128088  128173  
  128191  128303  
  128732  128826  
  129067  129161  
  129402  129492  
  129757  129830  
  130144  130247  
  130494  130612  
  130682  130797  
  131018  131116  
  131362  131484  
  131854  131907  
  132182  132274  
  132438  132530  
  132564  132705  
  132962  133066  
  133180  133254  
  133466  133576  
  134010  134120  
  134335  134419  
  134604  134725  
  135177  135279  
  135768  135883  
  136306  136405  
  136749  136878  
  137291  137400  
  137543  137640  
  137668  137760  
  137868  137975  
  138317  138426  
  138697  138770  
  139164  139275  
  139629  139729  
  140016  140131  
  140211  140311  
  140371  140488  
  140525  140639  
  140910  141032  
  141496  141589  
  141802  141940  
  142365  142444  
  142555  142683  
  142762  142885  
  142996  143098  
  143497  143583  
  143661  143777  
  143893  143949  
  144128  144254  
  144611  144721  
  144996  145069  
  145219  145328  
  145758  145881  
  145980  146035  
  146120  146227  
  146271  146360  
  146521  146626  
  147112  147221  
  147673  147760  
  147946  148039  
  148112  148204  
  148333  148411  
  148443  148566  
  148638  148689  
  149086  149165  
  149652  149743  
  149830  149953  
  150008  150105  
  150569  150670  
  151002  151105  
  151177  151260  
  151654  151758  
  152071  152187  
  152489  152593  
  152753  152813  
  153206  153301  
  153750  153841  
  153974  154088  
  154304  154390  
  154672  154776  
  154865  154954  
  155428  155499  
  155541  155643  
  155780  155897  
  156085  156195  
  156605  156699  
  156806  156894  
  157258  157314  
  157527  157636  
  157961  158050  
  158184  158255  
  158476  158576  
  158604  158706  
  158859  158994  
  159084  159154  
  159549  159661  
  159850  159954  
  160037  160148  
  160154  160268  
  160556  160685  
  160811  160873  
  160951  161025  
  161123  161212  
  161266  161337  
  161687  161749  
  162228  162334  
  162716  162843  
  163044  163150  
  163449  163506  
  163760  163842  
  164089  164188  
  164240  164308  
  164523  164652  
  165147  165254  
  165340  165444  
  165729  165824  
  166214  166329  
  166458  166565  
  166994  167081  
  167411  167505  
  167840  167981  
  168340  168420  
  168790  168903  
  169355  169491  
  169811  169903  
  170162  170276  
  170714  170864  
  171192  171268  
  171714  171799  
  171924  172054  
  172177  172305  
  172529  172624  
  172772  172866  
  173196  173264  
  173285  173401  
  173784  173917  
  174319  174424  
  174736  174819  
  174923  175020  
  175180  175265  
  175539  175638  
  175979  176080  
  176483  176594  
  176610  176676  
  176936  177062  
  177090  177187  
  177190  177277  
  177295  177399  
  177401  177485  
  177827  177915  
  178068  178159  
  178478  178548  
  179032  179122  
  179341  179460  
  179626  179756  
  179934  180033  
  180128  180241  
  180551  180650  
  180849  180916  
  181282  181380  
  181476  181603  
  181977  182082  
  182209  182317  
  182656  182739  
  183107  183175  
  183252  183351  
  183380  183475  
  183488  183558  
  183792  183859  
  184269  184357  
  184370  184477  
  184646  184752  
  185233  185353  
  185837  185916  
  186292  186389  
  186702  186773  
  186805  186899  
  187088  187154  
  187518  187646  
  188011  188103  
  188179  188273  
  188300  188415  
  188621  188708  
  188939  189035  
  189309  189403  
  189873  189975  
  190435  190531  
  190867  191008  
  191011  191107  
  191320  191424  
  191816  191928  
  192140  192235  
  192652  192779  
  192918  193007  
  193501  193556  
  193715  193817  
  194024  194116  
  194594  194692  
  195025  195162  
  195328  195443  
  195538  195639  
  196084  196212  
  196629  196721  
  196942  197046  
  197393  197491  
  197740  197884  
  198196  198307  
  198548  198651  
  198869  198941  
  198985  199079  
  199417  199493  
  199630  199748  
  200222  200314  
  200786  200851  
  201022  201102  
  201460  201568  
  201781  201868  
  201975  202081  
  202436  202572  
  202755  202872  
  202997  203133  
  203442  203531  
  203982  204089  
  204125  204207  
  204453  204550  
  204820  204922  
  204996  205090  
  205203  205327  
  205401  205531  
  206022  206128  
  206426  206518  
  206998  207095  
  207372  207453  
  207621  207714  
  207995  208088  
  208114  208239  
  208345  208436  
  208571  208664  
  209073  209202  
  209293  209365  
  209453  209546  
  209844  209949  
  210257  210345  
  210368  210490  
  210863  210947  
  211271  211364  
  211627  211690  
  211975  212071  
  212195  212322  
  212807  212901  
  213202  213337  
  213525  213622  
  213905  213969  
  214227  214329  
  214543  214656  
  214707  214807  
  215143  215242  
  215284  215381  
  215763  215893  
  216064  216166  
  216406  216504  
  216870  217006  
  217453  217534  
  217613  217682  
  217984  218099  
  218279  218379  
  218825  218930  
  219395  219498  
  219718  219816  
  219869  219967  
  220407  220465  
  220942  221013  
  221284  221393  
  221487  221614  
  221758  221834  
  222100  222171  
  222435  222555  
  223032  223131  
  223278  223370  
  223620  223721  
  223739  223856  
  224191  224287  
  224668  224746  
  225048  225179  
  225610  225698  
  226186  226261  
  226537  226629  
  227022  227135  
  227439  227520  
  227827  227926  
  227976  228077  
  228456  228562  
  228689  228771  
  229084  229174  
  229613  229697  
  229706  229807  
  229955  230088  
  230387  230506  
  230635  230780  
  231176  231277  
  231283  231385  
  231548  231640  
  231783  231875  
  231964  232064  
  232497  232599  
  232853  232940  
  233368  233473  
  233943  234050  
  234426  234532  
  234826  234924  
  235340  235460  
  235894  235993  
  236176  236274  
  236526  236595  
  236821  236914  
  237393  237532  
  237757  237878  
  238372  238429  
  238896  239020  
  239511  239623  
  239642  239721  
  239755  239858  
  240140  240245  
  240592  240723  
  241168  241256  
  241570  241649  
  241774  241885  
  242314  242430  
  242443  242533  
  242946  243070  
  243379  243472  
  243768  243864  
  244089  244163  
  244171  244290  
  244545  244662  
  245007  245110  
  245162  245225  
  245235  245356  
  245618  245732  
  246094  246189  
  246650  246737  
  246841  246925  
  246991  247061  
  247105  247169  
  247416  247514  
  247701  247784  
  247869  247976  
  248183  248291  
  248760  248853  
  249116  249219  
  249679  249794  
  250235  250338  
  250740  250863  
  251320  251420  
  251714  251802  
  252255  252333  
  252387  252458  
  252723  252836  
  253011  253135  
  253142  253271  
  253523  253610  
  253974  254087  
  254435  254516  
  254800  254917  
  255353  255446  
  255795  255934  
  256344  256457  
  256942  257030  
  257465  257597  
  257811  257923  
  258126  258251  
  258749  258839  
  259134  259256  
  259451  259583  
  259930  260019  
  260219  260304  
  260409  260531  
  260938  261026  
  261481  261587  
  261609  261697  
  261812  261916  
  262244  262354  
  262823  262935  
  263271  263334  
  263821  263894  
  264382  264456  
  264752  264865  
  264913  265027  
  265190  265280  
  265382  265493  
  265836  265962  
  266413  266509  
  266523  266621  
  266766  266863  
  267175  267249  
  267325  267434  
  267907  267965  
  268290  268418  
  268707  268837  
  268847  268961  
  269360  269474  
  269827  269932  
  269973  270119  
  270327  270421  
  270855  270931  
  271074  271205  
  271229  271315  
  271493  271610  
  271685  271757  
  272200  272277  
  272616  272735  
  272826  272923  
  273250  273366  
  273682  273784  
  274037  274159  
  274263  274401  
  274630  274709  
  274794  274909  
  275343  275432  
  275804  275911  
  276347  276441  
  276795  276903  
  277220  277327  
  277529  277635  
  277793  277867  
  278001  278071  
  278454  278575  
  278890  278995  
  279415  279507  
  279967  280105  
  280171  280283  
  280343  280475  
  280562  280666  
  281076  281174  
  281188  281288  
  281743  281820  
  282289  282403  
  282583  282683  
  282960  283061  
  283099  283237  
  283359  283488  
  283965  284075  
  284087  284190  
  284441  284574  
  284915  285003  
  285376  285482  
  285488  285565  
  286040  286167  
  286458  286583  
  286618  286707  
  286724  286807  
  286824  286935  
  287233  287352  
  287784  287874  
  288116  288183  
  288518  288621  
  289068  289158  
  289247  289333  
  289628  289712  
  290011  290121  
  290480  290594  
  290901  290989  
  291349  291422  
  291509  291594  
  292089  292198  
  292253  292340  
  292426  292549  
  292785  292884  
  293091  293204  
  293501  293600  
  293771  293880  
  293920  293988  
  294276  294396  
  294502  294603  
  294895  295008  
  295173  295251  
  295716  295831  
  295836  295952  
  296082  296163  
  296191  296286  
  296679  296778  
  296819  296911  
  297312  297440  
  297800  297903  
  297906  298020  
  298081  298172  
  298621  298753  
  299072  299179  
  299469  299570  
  299863  299964  
  300417  300522  
  300529  300602  
  300916  301029  
  301312  301392  
  301780  301881  
  302091  302204  
  302489  302577  
  303026  303122  
  303301  303380  
  303585  303688  
  304038  304159  
  304326  304440  
  304547  304636  
  304655  304754  
  304927  305020  
  305186  305270  
  305453  305559  
  305869  305993  
  306017  306115  
  306140  306222  
  306293  306400  
  306796  306904  
  307055  307168  
  307203  307287  
  307770  307871  
  308203  308282  
  308438  308559  
  309019  309096  
  309222  309310  
  309344  309431  
  309697  309798  
  310008  310123  
  310596  310677  
  310942  311068  
  311075  311147  
  311486  311590  
  312089  312196  
  312573  312678  
  313092  313194  
  313379  313481  
  313600  313705  
  314093  314192  
  314214  314300  
  314780  314897  
  315238  315323  
  315454  315570  
  315976  316082  
  316250  316369  
  316697  316780  
  317171  317285  
  317574  317641  
  317683  317775  
  318120  318242  
  318701  318837  
  318982  319077  
  319156  319251  
  319259  319367  
  319485  319565  
  319687  319750  
  320039  320152  
  320538  320627  
  320937  321010  
  321445  321544  
  321605  321710  
  322136  322216  
  322455  322531  
  322721  322836  
  323151  323269  
  323605  323685  
  324150  324272  
  324494  324590  
  324594  324719  
  324962  325077  
  325199  325315  
  325657  325762  
  325775  325847  
  326181  326291  
  326659  326782  
  326997  327100  
  327348  327442  
  327785  327930  
  327999  328099  
  328338  328430  
  328581  328689  
  328879  328964  
  329117  329224  
  329554  329634  
  330089  330190  
  330202  330327  
  330529  330649  
  330798  330886  
  331075  331167  
  331650  331756  
  331882  331986  
  332101  332184  
  332462  332556  
  332820  332913  
  333123  333214  
  333342  333438  
  333559  333658  
  334107  334193  
  334363  334442  
  334772  334869  
  335031  335157  
  335508  335597  
  335965  336056  
  336484  336566  
  337014  337107  
  337194  337303  
  337734  337830  
  337910  338020  
  338055  338183  
  338540  338647  
  339120  339239  
  339389  339518  
  339527  339622  
  339975  340055  
  340393  340521  
  340749  340870  
  341095  341212  
  341232  341359  
  341498  341570  
  341878  341952  
  342010  342121  
  342284  342359  
  342417  342548  
  342890  343008  
  343013  343139  
  343567  343638  
  343972  344066  
  344305  344426  
  344916  345011  
  345080  345178  
  345518  345593  
  345676  345760  
  346026  346140  
  346451  346560  
  346811  346904  
  347260  347366  
  347778  347886  
  348195  348293  
  348657  348752  
  348877  348948  
  349323  349384  
  349472  349570  
  349861  349975  
  350039  350109  
  350355  350421  
  350778  350865  
  351314  351396  
  351746  351873  
  352210  352292  
  352607  352737  
  353053  353191  
  353600  353730  
  354205  354338  
  354450  354520  
  354565  354633  
  354769  354851  
  355181  355259  
  355610  355710  
  355781  355878  
  356362  356461  
  356864  356972  
  357404  357473  
  357697  357784  
  357955  358066  
  358460  358579  
  358648  358767  
  359085  359199  
  359342  359474  
  359849  359979  
  360441  360522  
  360804  360901  
  361268  361355  
  361583  361649  
  361677  361758  
  362005  362089  
  362529  362613  
  362702  362814  
  362954  363073  
  363145  363282  
  363560  363687  
  364060  364175  
  364194  364320  
  364757  364834  
  365163  365251  
  365442  365546  
  365680  365758  
  365941  366059  
  366414  366501  
  366639  366756  
  366851  366945  
  367306  367425  
  367755  367848  
  368123  368227  
  368517  368623  
  369057  369174  
  369244  369364  
  369606  369700  
  369905  370009  
  370335  370443  
  370906  371011  
  371391  371495  
  371665  371762  
  372109  372196  
  372287  372392  
  372592  372684  
  373035  373141  
  373601  373739  
  374132  374244  
  374339  374464  
  374961  375094  
  375492  375581  
  375836  375947  
  376292  376393  
  376625  376752  
  376968  377095  
  377533  377632  
  377991  378091  
  378248  378323  
  378356  378436  
  378647  378734  
  378804  378892  
  378935  379044  
  379389  379482  
  379757  379842  
  380295  380389  
  380837  380940  
  381073  381173  
  381339  381450  
  381709  381808  
  382130  382231  
  382713  382838  
  382961  383042  
  383044  383164  
  383589  383740  
  383941  384028  
  384385  384539  
  385030  385148  
  385229  385298  
  385324  385372  
  385624  385715  
  385837  385904  
  385986  386106  
  386574  386655  
  386929  387057  
  387442  387572  
  387730  387814  
  388274  388369  
  388803  388856  
  389298  389409  
  389737  389843  
  390260  390350  
  390670  390750  
  390914  391031  
  391169  391277  
  391385  391508  
  391648  391739  
  391866  391973  
  392328  392450  
  392491  392575  
  392725  392820  
  392876  392971  
  393088  393207  
  393688  393785  
  394158  394231  
  394541  394625  
  394883  394996  
  395401  395522  
  395660  395746  
  396229  396328  
  396750  396838  
  396981  397089  
  397534  397667  
  397787  397912  
  398162  398270  
  398287  398368  
  398696  398779  
  399096  399184  
  399552  399625  
  399789  399880  
  400141  400259  
  400298  400371  
  400515  400627  
  400653  400737  
  400958  401051  
  401359  401447  
  401683  401750  
  401756  401863  
  402016  402107  
  402429  402492  
  402757  402864  
  402992  403107  
  403266  403408  
  403465  403551  
  403588  403678  
  403972  404075  
  404558  404650  
  405007  405110  
  405232  405338  
  405723  405826  
  406177  406322  
  406492  406570  
  406604  406702  
  407009  407112  
  407335  407419  
  407907  408050  
  408444  408538  
  408577  408662  
  408787  408854  
  409312  409421  
  409535  409640  
  409946  410037  
  410219  410337  
  410578  410700  
  410802  410912  
  411034  411118  
  411617  411708  
  412022  412114  
  412587  412713  
  413180  413306  
  413773  413897  
  414000  414131  
  414553  414632  
  414634  414733  
  415032  415101  
  415142  415271  
  415749  415845  
  415892  415993  
  416207  416322  
  416740  416826  
  416996  417093  
  417487  417587  
  417769  417872  
  418271  418369  
  418715  418820  
  419024  419122  
  419301  419403  
  419723  419835  
  420109  420206  
  420224  420301  
  420629  420732  
  421015  421117  
  421189  421267  
  421737  421829  
  421966  422084  
  422554  422637  
  422688  422784  
  423009  423098  
  423540  423615  
  423681  423755  
  423770  423869  
  424025  424121  
  424507  424600  
  425094  425216  
  425254  425368  
  425788  425914  
  426393  426513  
  426789  426908  
  427057  427148  
  427386  427482  
  427902  427976  
  428215  428317  
  428665  428749  
  428839  428944  
  429378  429480  
  429837  429978  
  430004  430123  
  430528  430622  
  430888  430964  
  431374  431440  
  431661  431766  
  431809  431930  
  432033  432132  
  432182  432263  
  432618  432685  
  433015  433094  
  433236  433341  
  433662  433758  
  434237  434332  
  434722  434861  
  435267  435384  
  435456  435572  
  435782  435870  
  436038  436170  
  436593  436728  
  436788  436890  
  437285  437393  
  437747  437833  
  438152  438250  
  438275  438390  
  438726  438826  
  438977  439079  
  439332  439462  
  439834  439920  
  440041  440127  
  440385  440515  
  440890  440990  
  441060  441154  
  441489  441571  
  441594  441715  
  441880  441986  
  442290  442391  
  442816  442907  
  443329  443414  
  443426  443513  
  443760  443865  
  444091  444200  
  444490  444572  
  444820  444921  
  445054  445123  
  445389  445477  
  445742  445832  
  446284  446360  
  446559  446662  
  447079  447164  
  447648  447735  
  448119  448209  
  448459  448556  
  448807  448896  
  449109  449213  
  449423  449499  
  449941  450079  
  450213  450326  
  450673  450740  
  451017  451111  
  451210  451305  
  451374  451498  
  451890  451993  
  452386  452499  
  452628  452714  
  453046  453148  
  453645  453743  
  453812  453910  
  454105  454218  
  454534  454609  
  454756  454855  
  455028  455176  
  455534  455628  
  456107  456233  
  456284  456385  
  456651  456727  
  457047  457137  
  457555  457658  
  457662  457748  
  458227  458332  
  458455  458578  
  459050  459165  
  459469  459545  
  459690  459800  
  460028  460159  
  460368  460481  
  460894  461001  
  461014  461082  
  461421  461504  
  461583  461695  
  461853  461962  
  462219  462314  
  462420  462523  
  462588  462674  
  462967  463072  
  463489  463561  
  463755  463863  
  464097  464204  
  464411  464503  
  464825  464943  
  465026  465105  
  465395  465500  
  465902  466009  
  466143  466254  
  466364  466489  
  466914  467025  
  467478  467590  
  467733  467837  
  467868  467946  
  467980  468080  
  468349  468435  
  468475  468573  
  468753  468864  
  469045  469128  
  469237  469330  
  469352  469424  
  469450  469572  
  469752  469870  
  470047  470144  
  470251  470337  
  470699  470783  
  470908  471007  
  471457  471548  
  472015  472068  
  472519  472639  
  472749  472843  
  473116  473196  
  473594  473707  
  473792  473887  
  474320  474390  
  474725  474813  
  475262  475361  
  475596  475678  
  475733  475852  
  476202  476301  
  476439  476529  
  476577  476668  
  476877  477006  
  477021  477087  
  477282  477384  
  477481  477620  
  477659  477733  
  478088  478192  
  478411  478492  
  478788  478878  
  479146  479233  
  479311  479388  
  479530  479606  
  480092  480207  
  480521  480634  
  480801  480903  
  481041  481136  
  481207  481290  
  481453  481524  
  481829  481902  
  482016  482151  
  482568  482659  
  483018  483122  
  483455  483544  
  483965  484048  
  484173  484292  
  484336  484419  
  484865  484998  
  485012  485092  
  485135  485190  
  485679  485760  
  485834  485908  
  486070  486180  
  486508  486607  
  487091  487168  
  487579  487671  
  488020  488117  
  488558  488644  
  488978  489083  
  489418  489516  
  489825  489925  
  489952  490038  
  490169  490275  
  490636  490702  
  491167  491256  
  491611  491684  
  492007  492090  
  492542  492655  
  492738  492835  
  493311  493423  
  493665  493765  
  494057  494136  
  494499  494591  
  494680  494745  
  495235  495297  
  495435  495574  
  496064  496143  
  496326  496425  
  496653  496724  
  497133  497245  
  497472  497579  
  497803  497914  
  498296  498394  
  498500  498574  
  498985  499122  
  499228  499289  
  499605  499686  
  500181  500294  
  500786  500878  
  501195  501307  
  501432  501543  
  501912  501994  
  501995  502110  
  502358  502450  
  502574  502651  
  502675  502791  
  503117  503236  
  503295  503405  
  503865  503962  
  504072  504146  
  504275  504384  
  504562  504669  
  504761  504855  
  505084  505179  
  505323  505431  
  505457  505548  
  505638  505745  
  506047  506147  
  506444  506550  
  506973  507075  
  507287  507394  
  507846  507952  
  508185  508307  
  508343  508472  
  508607  508726  
  508735  508822  
  509048  509143  
  509588  509672  
  510117  510232  
  510651  510752  
  510889  511012  
  511100  511182  
  511370  511486  
  511567  511677  
  512006  512073  
  512115  512253  
  512527  512638  
  512727  512838  
  513317  513418  
  513802  513907  
  514170  514273  
  514743  514822  
  515275  515354  
  515730  515820  
  515863  516011  
  516504  516619  
  516979  517096  
  517406  517504  
  517708  517829  
  517965  518079  
  518177  518260  
  518473  518587  
  518700  518817  
  519132  519207  
  519268  519378  
  519556  519626  
  519840  519933  
  520429  520514  
  520956  521060  
  521115  521239  
  521443  521562  
  521630  521752  
  522051  522145  
  522218  522307  
  522573  522704  
  523063  523177  
  523191  523296  
  523449  523564  
  523731  523796  
  524010  524115  
  524279  524385  
  524830  524945  
  525359  525445  
  525681  525773  
  526094  526215  
  526457  526561  
  526757  526847  
  526915  527025  
  527151  527216  
  527406  527503  
  527630  527728  
  528191  528285  
  528354  528449  
  528527  528621  
  529022  529139  
  529395  529505  
  529856  529969  
  530365  530472  
  530806  530884  
  530963  531093  
  531470  531529  
  531981  532098  
  532349  532454  
  532524  532606  
  532757  532861  
  533139  533256  
  533420  533505  
  533819  533929  
  533998  534093  
  534490  534575  
  534715  534825  
  534959  535067  
  535261  535363  
  535727  535844  
  536013  536134  
  536582  536680  
  536819  536906  
  537158  537265  
  537737  537828  
  538063  538149  
  538626  538729  
  538942  539022  
  539437  539574  
  539948  540072  
  540138  540241  
  540393  540493  
  540893  540989  
  541078  541199  
  541221  541322  
  541356  541442  
  541585  541677  
  542166  542279  
  542511  542630  
  543075  543172  
  543340  543432  
  543538  543633  
  543859  543982  
  544455  544518  
  544944  545044  
  545244  545359  
  545587  545647  
  545944  546053  
  546550  546665  
  547084  547139  
  547347  547433  
  547780  547866  
  547981  548049  
  548110  548209  
  548695  548807  
  548985  549109  
  549291  549438  
  549691  549824  
  550240  550326  
  550612  550698  
  550957  551066  
  551472  551573  
  551683  551799  
  551826  551920  
  552301  552389  
  552593  552699  
  552988  553057  
  553116  553215  
  553586  553702  
  554049  554169  
  554454  554542  
  554664  554772  
  555214  555323  
  555353  555453  
  555612  555694  
  556187  556260  
  556490  556565  
  556718  556827  
  557074  557195  
  557418  557533  
  557842  557949  
  558361  558440  
  558568  558660  
  559026  559124  
  559165  559240  
  559546  559652  
  559810  559930  
  560169  560239  
  560461  560558  
  560839  560948  
  561032  561122  
  561430  561525  
  562005  562133  
  562244  562341  
  562548  562648  
  563004  563157  
  563627  563700  
  563848  563933  
  564239  564315  
  564659  564753  
  565033  565157  
  565304  565399  
  565675  565773  
  565915  566026  
  566434  566529  
  566986  567107  
  567133  567239  
  567664  567759  
  567797  567876  
  568236  568328  
  568744  568817  
  569163  569244  
  569449  569519  
  569533  569629  
  569997  570094  
  570138  570226  
  570235  570321  
  570472  570585  
  570662  570758  
  570930  571056  
  571463  571565  
  572002  572135  
  572532  572642  
  572770  572882  
  573378  573485  
  573550  573683  
  573866  573998  
  574073  574177  
  574319  574416  
  574589  574680  
  574893  575022  
  575447  575580  
  575948  576035  
  576074  576126  
  576268  576346  
  576700  576830  
  576962  577052  
  577463  577567  
  577888  577983  
  578224  578320  
  578557  578655  
  579089  579148  
  579405  579499  
  579568  579688  
  579720  579819  
  579971  580067  
  580370  580421  
  580544  580641  
  581051  581156  
  581202  581319  
  581370  581479  
  581589  581683  
  582182  582297  
  582478  582566  
  582735  582838  
  583190  583269  
  583280  583360  
  583856  583966  
  584320  584401  
  584763  584873  
  585055  585132  
  585612  585698  
  585962  586067  
  586370  586426  
  586744  586829  
  587205  587333  
  587791  587864  
  588041  588189  
  588302  588394  
  588809  588900  
  589115  589198  
  589378  589456  
  589739  589837  
  589977  590074  
  590525  590642  
  590676  590768  
  590995  591093  
  591258  591333  
  591696  591797  
  592273  592404  
  592654  592742  
  592973  593028  
  593504  593592  
  593837  593888  
  594107  594177  
  594417  594534  
  594909  594980  
  595253  595360  
  595760  595870  
  595890  596007  
  596435  596540  
  596810  596889  
  597046  597157  
  597319  597427  
  597478  597584  
  597826  597932  
  598283  598374  
  598426  598541  
  598613  598709  
  599194  599322  
  599359  599462  
  599608  599703  
  600152  600271  
  600469  600551  
  601032  601137  
  601274  601378  
  601835  601926  
  602301  602431  
  602592  602713  
  602837  602960  
  603246  603327  
  603440  603556  
  603943  604060  
  604456  604600  
  604614  604721  
  605139  605225  
  605366  605447  
  605794  605888  
  606111  606208  
  606652  606755  
  606965  607074  
  607448  607538  
  607603  607691  
  607957  608053  
  608416  608492  
  608906  608980  
  609236  609362  
  609504  609604  
  610045  610170  
  610595  610690  
  611050  611153  
  611461  611564  
  611760  611847  
  612293  612427  
  612709  612801  
  613169  613251  
  613498  613581  
  613993  614077  
  614437  614516  
  614930  615049  
  615141  615238  
  615361  615507  
  615875  615972  
  616177  616308  
  616526  616611  
  616700  616805  
  617039  617124  
  617489  617574  
  617647  617732  
  617812  617911  
  618305  618419  
  618515  618608  
  618805  618863  
  619111  619177  
  619496  619594  
  619934  620002  
  620135  620254  
  620383  620522  
  620754  620835  
  621050  621185  
  621512  621615  
  621622  621699  
  622027  622097  
  622207  622313  
  622693  622767  
  622804  622892  
  622955  623062  
  623318  623419  
  623564  623664  
  623960  624081  
  624457  624573  
  625016  625089  
  625474  625599  
  626070  626174  
  626244  626347  
  626601  626717  
  626783  626869  
  627235  627320  
  627789  627927  
  628202  628310  
  628782  628869  
  629015  629090  
  629136  629279  
  629745  629839  
  630254  630349  
  630736  630803  
  631111  631193  
  631671  631760  
  631827  631957  
  631974  632065  
  632368  632470  
  632673  632770  
  633253  633337  
  633825  633922  
  634218  634304  
  634671  634786  
  635093  635170  
  635339  635418  
  635901  635990  
  636267  636360  
  636803  636887  
  637057  637156  
  637595  637695  
  638120  638204  
  638602  638680  
  639119  639254  
  639316  639440  
  639711  639816  
  640110  640188  
  640203  640305  
  640618  640749  
  641045  641113  
  641144  641223  
  641310  641402  
  641451  641565  
  641956  642054  
  642313  642381  
  642450  642571  
  642655  642702  
  643108  643226  
  643659  643787  
  643930  644043  
  644335  644418  
  644659  644767  
  645201  645318  
  645475  645539  
  645647  645702  
  645897  646019  
  646275  646346  
  646486  646587  
  646825  646913  
  647117  647216  
  647506  647578  
  647934  648024  
  648423  648523  
  648952  649048  
  649156  649272  
  649720  649854  
  650128  650219  
  650689  650793  
  650840  650938  
  650996  651089  
  651289  651399  
  651865  651938  
  652348  652478  
  652547  652653  
  652865  652927  
  653353  653449  
  653806  653912  
  654395  654474  
  654536  654677  
  655089  655173  
  655576  655649  
  656143  656253  
  656663  656748  
  657210  657311  
  657618  657721  
  658027  658143  
  658228  658320  
  658361  658476  
  658770  658854  
  658955  659037  
  659366  659477  
  659501  659600  
  659835  659914  
  660037  660148  
  660542  660666  
  661037  661142  
  661613  661719  
  662016  662088  
  662186  662303  
  662371  662479  
  662722  662839  
  662938  663006  
  663274  663407  
  663667  663810  
  663831  663939  
  664297  664440  
  664695  664815  
  664927  665041  
  665355  665441  
  665672  665786  
  666039  666170  
  666352  666440  
  666776  666872  
  667082  667207  
  667273  667383  
  667733  667815  
  667901  668040  
  668045  668125  
  668336  668441  
  668894  668966  
  669064  669179  
  669547  669666  
  670076  670151  
  670391  670455  
  670829  670911  
  671235  671336  
  671397  671488  
  671530  671615  
  671932  672050  
  672530  672643  
  672984  673040  
  673344  673465  
  673706  673814  
  674305  674438  
  674677  674752  
  675011  675103  
  675385  675469  
  675810  675920  
  676071  676150  
  676473  676589  
  676745  676829  
  677215  677323  
  677508  677598  
  677855  677937  
  678205  678266  
  678389  678480  
  678537  678631  
  678944  679052  
  679516  679581  
  679673  679785  
  680097  680220  
  680301  680421  
  680781  680895  
  681341  681435  
  681703  681757  
  681872  681974  
  682454  682571  
  682860  682967  
  683098  683201  
  683265  683343  
  683603  683723  
  683885  684017  
  684261  684392  
  684718  684808  
  685011  685134  
  685491  685582  
  685869  685963  
  686361  686453  
  686564  686649  
  686782  686897  
  687060  687195  
  687509  687589  
  687594  687665  
  688080  688176  
  688330  688438  
  688778  688870  
  689141  689237  
  689268  689411  
  689687  689781  
  689881  689970  
  690109  690207  
  690249  690343  
  690434  690500  
  690574  690685  
  690861  690971  
  691152  691291  
  691394  691475  
  691765  691868  
  692137  692230  
  692626  692739  
  692884  692994  
  693472  693516  
  693556  693634  
  694010  694116  
  694164  694263  
  694434  694535  
  694696  694807  
  694982  695106  
  695352  695421  
  695715  695816  
  695918  696036  
  696172  696296  
  696416  696538  
  696968  697091  
  697466  697550  
  697708  697795  
  698050  698145  
  698536  698632  
  698818  698906  
  699301  699394  
  699498  699601  
  699661  699772  
  699953  700079  
  700331  700427  
  700683  700741  
  701170  701243  
  701267  701327  
  701678  701805  
  702206  702280  
  702334  702469  
  702899  702974  
  703179  703298  
  703582  703666  
  704107  704239  
  704696  704781  
  705147  705234  
  705664  705759  
  706160  706257  
  706394  706485  
  706801  706899  
  706917  707018  
  707088  707160  
  707177  707255  
  707443  707513  
  707716  707825  
  708053  708172  
  708216  708315  
  708575  708696  
  708939  709020  
  709199  709298  
  709763  709892  
  710117  710239  
  710277  710408  
  710464  710580  
  710996  711093  
  711260  711377  
  711792  711847  
  711890  712003  
  712130  712243  
  712711  712784  
  712906  713003  
  713154  713236  
  713540  713644  
  713999  714110  
  714533  714645  
  714805  714913  
  715349  715400  
  715867  715977  
  716038  716153  
  716317  716424  
  716886  716994  
  717286  717394  
  717555  717650  
  717691  717772  
  717779  717883  
  717922  718019  
  718260  718363  
  718531  718629  
  718911  718978  
  719017  719114  
  719411  719517  
  719908  720016  
  720072  720179  
  720285  720399  
  720458  720591  
  720930  720989  
  721290  721351  
  721631  721736  
  721854  721964  
  722302  722415  
  722797  722919  
  722966  723088  
  723298  723396  
  723708  723805  
  724303  724388  
  724788  724881  
  725211  725332  
  725561  725680  
  726161  726266  
  726274  726400  
  726512  726653  
  726824  726941  
  726963  727067  
  727123  727212  
  727215  727314  
  727459  727572  
  727958  728041  
  728395  728470  
  728942  729048  
  729393  729482  
  729550  729663  
  729695  729778  
  730147  730225  
  730661  730748  
  731043  731132  
  731278  731353  
  731782  731864  
  732165  732276  
  732473  732558  
  732946  733041  
  733311  733393  
  733530  733645  
  733748  733850  
  734186  734256  
  734346  734463  
  734681  734763  
  735088  735164  
  735618  735735  
  736122  736230  
  736464  736565  
  736874  736969  
  737373  737481  
  737692  737778  
  738269  738342  
  738662  738744  
  738864  738986  
  739354  739465  
  739959  740043  
  740164  740277  
  740578  740712  
  741133  741217  
  741472  741539  
  741922  742015  
  742060  742165  
  742228  742343  
  742719  742802  
  742945  743030  
  743432  743541  
  743758  743872  
  743969  744068  
  744162  744274  
  744371  744451  
  744906  744975  
  745064  745164  
  745222  745335  
  745744  745827  
  746141  746237  
  746619  746705  
  747003  747115  
  747247  747339  
  747642  747761  
  748175  748259  
  748715  748805  
  749190  749271  
  749767  749830  
  750269  750390  
  750450  750551  
  750731  750850  
  751222  751323  
  751533  751614  
  751673  751792  
  752133  752251  
  752457  752572  
  752883  753001  
  753470  753555  
  753841  753925  
  754128  754268  
  754280  754396  
  754597  754694  
  755036  755171  
  755474  755579  
  755584  755690  
  755849  755963  
  756393  756500  
  756868  756997  
  757115  757262  
  757428  757477  
  757918  758032  
  758426  758526  
  758836  758899  
  758902  758988  
  759275  759346  
  759629  759740  
  759847  759917  
  759944  760006  
  760473  760534  
  760864  760964  
  761137  761206  
  761468  761567  
  762012  762108  
  762124  762248  
  762549  762651  
  763095  763224  
  763502  763616  
  764085  764193  
  764381  764466  
  764719  764819  
  764963  765028  
  765125  765237  
  765553  765652  
  766123  766228  
  766285  766389  
  766758  766845  
  766968  767038  
  767471  767637  
  767933  768038  
  768281  768376  
  768639  768725  
  768742  768830  
  769042  769146  
  769229  769320  
  769493  769577  
  769886  769991  
  770032  770139  
  770451  770565  
  770753  770856  
  771300  771384  
  771397  771511  
  771797  771890  
  771988  772096  
  772490  772606  
  772881  772963  
  773204  773346  
  773681  773770  
  774187  774327  
  774724  774826  
  774829  774939  
  774973  775094  
  775360  775477  
  775838  775917  
  776361  776449  
  776520  776625  
  776774  776931  
  776962  777087  
  777436  777557  
  777571  777658  
  777755  777874  
  777910  778025  
  778096  778209  
  778682  778801  
  779068  779166  
  779219  779293  
  779768  779850  
  779955  780105  
  780151  780236  
  780666  780748  
  781061  781203  
  781402  781486  
  781740  781806  
  782302  782402  
  782600  782702  
  782931  783044  
  783195  783319  
  783398  783543  
  783906  784000  
  784240  784343  
  784700  784813  
  785305  785428  
  785631  785738  
  786004  786093  
  786534  786600  
  786723  786843  
  786932  787078  
  787265  787338  
  787366  787492  
  787890  787968  
  788327  788408  
  788585  788668  
  789050  789139  
  789249  789354  
  789504  789614  
  790112  790204  
  790594  790703  
  791013  791149  
  791210  791298  
  791592  791689  
  791739  791845  
  792093  792208  
  792690  792812  
  792983  793083  
  793405  793477  
  793960  794070  
  794374  794489  
  794582  794668  
  794708  794827  
  795061  795174  
  795346  795441  
  795448  795544  
  795733  795810  
  796273  796380  
  796441  796528  
  796978  797095  
  797135  797258  
  797349  797471  
  797944  798045  
  798390  798477  
  798528  798622  
  798801  798927  
  799328  799432  
  799492  799625  
  799776  799865  
  799909  799970  
  800327  800412  
  800766  800877  
  801161  801258  
  801384  801494  
  801712  801816  
  801842  801925  
  801959  802093  
  802151  802288  
  802505  802612  
  802624  802743  
  802754  802845  
  803106  803207  
  803486  803590  
  803972  804079  
  804246  804359  
  804430  804521  
  804919  805048  
  805124  805211  
  805547  805657  
  805863  805939  
  806208  806324  
  806561  806676  
  807071  807179  
  807210  807313  
  807550  807633  
  807864  807959  
  808113  808234  
  808589  808683  
  808779  808893  
  809080  809186  
  809316  809453  
  809728  809843  
  810332  810435  
  810602  810711  
  810844  810939  
  811132  811244  
  811288  811385  
  811714  811826  
  812160  812299  
  812371  812502  
  812953  813068  
  813313  813416  
  813551  813668  
  814086  814223  
  814355  814443  
  814632  814729  
  814803  814894  
  815136  815245  
  815384  815498  
  815934  816027  
  816340  816460  
  816716  816781  
  817216  817305  
  817488  817590  
  818043  818124  
  818131  818230  
  818269  818371  
  818568  818692  
  818986  819096  
  819385  819492  
  819978  820091  
  820442  820535  
  820983  821088  
  821379  821457  
  821514  821634  
  822006  822105  
  822565  822698  
  823088  823181  
  823259  823382  
  823388  823487  
  823942  824043  
  824058  824186  
  824542  824674  
  825003  825115  
  825591  825688  
  825792  825868  
  825962  826134  
  826208  826301  
  826572  826646  
  826715  826820  
  827264  827359  
  827496  827590  
  828055  828134  
  828302  828407  
  828662  828756  
  828967  829052  
  829114  829198  
  829276  829386  
  829855  829959  
  830452  830567  
  830865  830963  
  831071  831166  
  831433  831556  
  832034  832125  
  832233  832353  
  832363  832451  
  832896  832998  
  833041  833128  
  833343  833469  
  833735  833858  
  834173  834249  
  834453  834555  
  834707  834826  
  835014  835108  
  835171  835275  
  835764  835867  
  835941  836042  
  836338  836434  
  836665  836766  
  836875  836963  
  837128  837259  
  837441  837524  
  837890  837972  
  838209  838269  
  838680  838783  
  838877  838941  
  839427  839524  
  839940  840044  
  840112  840201  
  840568  840670  
  840885  840954  
  841268  841371  
  841453  841551  
  841708  841829  
  841849  841949  
  842161  842258  
  842622  842757  
  843160  843234  
  843332  843409  
  843687  843819  
  844317  844399  
  844775  844868  
  845328  845430  
  845800  845900  
  846140  846269  
  846319  846376  
  846828  846948  
  847091  847187  
  847526  847611  
  847784  847886  
  848324  848427  
  848487  848546  
  848998  849105  
  849308  849404  
  849527  849638  
  849970  850074  
  850197  850287  
  850706  850811  
  850997  851113  
  851128  851223  
  851615  851716  
  852171  852302  
  852744  852825  
  853237  853315  
  853410  853546  
  853639  853723  
  853845  853894  
  854035  854137  
  854619  854713  
  855148  855249  
  855742  855817  
  856093  856168  
  856189  856287  
  856534  856654  
  856727  856816  
  857204  857304  
  857773  857895  
  858220  858316  
  858470  858557  
  858612  858744  
  858943  859059  
  859109  859247  
  859662  859745  
  859747  859826  
  859876  859989  
  860048  860133  
  860353  860449  
  860627  860701  
  860822  860937  
  861181  861285  
  861403  861484  
  861797  861903  
  862040  862146  
  862390  862530  
  862585  862678  
  862680  862736  
  863144  863232  
  863646  863768  
  864086  864147  
  864316  864404  
  864888  864977  
  865464  865522  
  865730  865855  
  866248  866384  
  866734  866862  
  867282  867404  
  867480  867585  
  867866  867975  
  868444  868503  
  868819  868962  
  869098  869179  
  869269  869354  
  869708  869797  
  869822  869929  
  870423  870563  
  870710  870795  
  871104  871206  
  871383  871493  
  871834  871963  
  872172  872264  
  872568  872640  
  872748  872831  
  872892  872988  
  873286  873375  
  873695  873775  
  874232  874348  
  874472  874589  
  875037  875161  
  875236  875321  
  875674  875807  
  875848  875942  
  876359  876465  
  876793  876928  
  877050  877131  
  877519  877635  
  877975  878091  
  878304  878403  
  878510  878632  
  879056  879116  
  879290  879398  
  879648  879778  
  880183  880286  
  880740  880865  
  881035  881124  
  881223  881339  
  881359  881477  
  881563  881666  
  882155  882247  
  882744  882814  
  882991  883085  
  883447  883570  
  883616  883754  
  884075  884156  
  884557  884676  
  884857  884941  
  885347  885468  
  885847  885910  
  886062  886148  
  886635  886700  
  886953  887044  
  887321  887401  
  887447  887541  
  887717  887809  
  888277  888342  
  888514  888582  
  888844  888937  
  889427  889546  
  889726  889798  
  890238  890337  
  890649  890761  
  891233  891355  
  891478  891585  
  891861  891946  
  892107  892217  
  892412  892496  
  892845  892897  
  892972  893090  
  893529  893623  
  893724  893799  
  893861  893960  
  894013  894111  
  894381  894483  
  894893  895022  
  895256  895381  
  895818  895939  
  896188  896303  
  896461  896593  
  896866  896961  
  897148  897221  
  897507  897623  
  897892  897981  
  898479  898568  
  898967  899090  
  899168  899263  
  899310  899413  
  899708  899765  
  900042  900183  
  900557  900666  
  900988  901090  
  901176  901263  
  901287  901365  
  901616  901725  
  901986  902096  
  902344  902428  
  902572  902702  
  902712  902817  
  903114  903243  
  903358  903445  
  903622  903711  
  903891  903973  
  904092  904218  
  904395  904497  
  904728  904791  
  904898  904993  
  905282  905376  
  905742  905838  
  906084  906164  
  906395  906483  
  906712  906803  
  907280  907370  
  907642  907743  
  907903  908011  
  908012  908097  
  908437  908537  
  908977  909081  
  909416  909503  
  909644  909796  
  909890  909946  
  910024  910113  
  910514  910617  
  910736  910846  
  910915  910987  
  911329  911431  
  911523  911625  
  911642  911768  
  911799  911899  
  912358  912489  
  912547  912623  
  912987  913053  
  913173  913244  
  913484  913595  
  914041  914162  
  914175  914278  
  914646  914764  
  914867  914956  
  915042  915138  
  915590  915724  
  916167  916257  
  916708  916801  
  917220  917307  
  917531  917647  
  917956  918074  
  918403  918486  
  918637  918759  
  919074  919173  
  919427  919547  
  919978  920074  
  920287  920366  
  920628  920718  
  921018  921154  
  921595  921707  
  921776  921882  
  922133  922213  
  922288  922390  
  922868  922968  
  923141  923227  
  923315  923431  
  923626  923687  
  924097  924194  
  924526  924626  
  924937  925061  
  925063  925156  
  925553  925686  
  925707  925791  
  925948  926076  
  926321  926379  
  926507  926587  
  926745  926847  
  927177  927248  
  927349  927392  
  927589  927698  
  928017  928100  
  928544  928606  
  929058  929161  
  929606  929732  
  930193  930280  
  930754  930875  
  931008  931126  
  931355  931408  
  931663  931732  
  931934  932035  
  932335  932441  
  932798  932940  
  933217  933275  
  933473  933610  
  934032  934128  
  934327  934448  
  934817  934910  
  935284  935410  
  935494  935621  
  935737  935836  
  936009  936140  
  936576  936670  
  936801  936889  
  936951  937034  
  937086  937200  
  937564  937661  
  937906  938021  
  938376  938458  
  938763  938848  
  938999  939116  
  939504  939592  
  940075  940188  
  940533  940649  
  940651  940769  
  941043  941145  
  941436  941517  
  941608  941736  
  942102  942233  
  942471  942524  
  942703  942806  
  942919  943016  
  943407  943522  
  943606  943748  
  944134  944238  
  944731  944786  
  945020  945122  
  945289  945378  
  945680  945727  
  946070  946188  
  946602  946692  
  946754  946843  
  947203  947271  
  947352  947485  
  947765  947858  
  948102  948212  
  948373  948469  
  948483  948560  
  948640  948727  
  949206  949293  
  949656  949761  
  950229  950368  
  950812  950913  
  951318  951414  
  951533  951625  
  951973  952100  
  952137  952260  
  952651  952729  
  952844  952924  
  953360  953471  
  953496  953610  
  953746  953868  
  954295  954405  
  954649  954737  
  954811  954897  
  955206  955289  
  955340  955468  
  955931  956041  
  956494  956568  
  956761  956820  
  956862  956991  
  957014  957099  
  957566  957667  
  957904  958003  
  958452  958537  
  958837  958896  
  958902  959022  
  959034  959150  
  959421  959499  
  959675  959802  
  960179  960294  
  960446  960498  
  960888  960998  
  961356  961451  
  961615  961737  
  962123  962214  
  962278  962354  
  962642  962767  
  962945  963074  
  963433  963521  
  963855  963941  
  964003  964092  
  964414  964530  
  964802  964927  
  964944  965051  
  965068  965173  
  965399  965508  
  965815  965947  
  966095  966147  
  966340  966446  
  966505  966598  
  966910  967033  
  967269  967376  
  967841  967937  
  968429  968518  
  968764  968869  
  969336  969440  
  969830  969944  
  970067  970170  
  970482  970578  
  970628  970742  
  970880  970972  
  971456  971538  
  971744  971837  
  972212  972304  
  972675  972787  
  972800  972918  
  973051  973162  
  973276  973333  
  973495  973604  
  973883  974008  
  974237  974332  
  974345  974442  
  974749  974880  
  975111  975220  
  975504  975587  
  975646  975797  
  975946  976035  
  976291  976382  
  976561  976655  
  976752  976871  
  977216  977265  
  977373  977460  
  977582  977670  
  978033  978150  
  978635  978746  
  978782  978886  
  979318  979452  
  979598  979708  
  979912  980002  
  980403  980462  
  980811  980915  
  981119  981245  
  981429  981513  
  981912  981995  
  982444  982535  
  982782  982874  
  983325  983451  
  983615  983702  
  984194  984275  
  984737  984835  
  985305  985407  
  985469  985592  
  985829  985925  
  986261  986388  
  986705  986790  
  987004  987130  
  987405  987475  
  987955  988105  
  988201  988293  
  988522  988645  
  988893  989011  
  989114  989177  
  989480  989574  
  989602  989656  
  990013  990130  
  990386  990483  
  990586  990688  
  991159  991226  
  991387  991496  
  991631  991746  
  991784  991866  
  992004  992105  
  992217  992299  
  992659  992729  
  993085  993197  
  993206  993307  
  993704  993778  
  994053  994144  
  994469  994554  
  994916  995018  
  995277  995374  
  995856  995966  
  996373  996482  
  996939  997025  
  997359  997447  
  997841  997959  
  998139  998227  
  998533  998659  
  998724  998806  
  998883  998993  
  999193  999283  
  999343  999435  
  999464  999557  
  999641  999721  
  1000126  1000186  
  1000261  1000383  
  1000650  1000761  
  1000899  1001020  
  1001244  1001352  
  1001656  1001725  
  1002212  1002294  
  1002549  1002636  
  1002691  1002789  
  1003200  1003323  
  1003559  1003649  
  1003998  1004105  
  1004418  1004526  
  1004803  1004918  
  1005150  1005270  
  1005374  1005484  
  1005615  1005713  
  1006083  1006157  
  1006273  1006370  
  1006515  1006610  
  1006695  1006806  
  1007138  1007249  
  1007672  1007757  
  1007942  1008047  
  1008445  1008561  
  1009022  1009131  
  1009341  1009404  
  1009802  1009889  
  1010271  1010379  
  1010455  1010535  
  1010598  1010706  
  1011096  1011172  
  1011463  1011585  
  1012005  1012082  
  1012154  1012249  
  1012720  1012812  
  1012999  1013076  
  1013274  1013379  
  1013397  1013526  
  1013634  1013742  
  1013883  1013989  
  1014289  1014399  
  1014667  1014744  
  1014919  1015034  
  1015281  1015391  
  1015825  1015919  
  1016410  1016501  
  1016724  1016819  
  1016919  1017030  
  1017138  1017224  
  1017569  1017709  
  1018002  1018099  
  1018388  1018479  
  1018746  1018825  
  1019070  1019156  
  1019426  1019533  
  1019621  1019711  
  1020172  1020247  
  1020624  1020730  
  1021128  1021246  
  1021727  1021808  
  1022218  1022303  
  1022472  1022545  
  1022657  1022742  
  1022852  1022992  
  1023431  1023532  
  1023645  1023766  
  1024132  1024217  
  1024218  1024318  
  1024557  1024671  
  1024865  1024949  
  1025330  1025445  
  1025757  1025848  
  1026151  1026239  
  1026736  1026869  
  1027314  1027421  
  1027911  1028038  
  1028174  1028228  
  1028718  1028840  
  1028996  1029078  
  1029548  1029655  
  1029985  1030068  
  1030163  1030266  
  1030473  1030542  
  1031016  1031083  
  1031138  1031222  
  1031662  1031760  
  1031896  1031980  
  1032125  1032253  
  1032576  1032685  
  1032700  1032823  
  1032917  1033025  
  1033511  1033570  
  1033585  1033660  
  1034056  1034140  
  1034358  1034462  
  1034823  1034913  
  1035113  1035205  
  1035366  1035422  
  1035725  1035858  
  1035886  1036001  
  1036427  1036490  
  1036938  1037026  
  1037286  1037399  
  1037490  1037623  
  1037829  1037915  
  1038209  1038317  
  1038750  1038857  
  1039192  1039291  
  1039448  1039524  
  1040002  1040120  
  1040579  1040681  
  1041142  1041225  
  1041519  1041639  
  1041728  1041811  
  1041979  1042046  
  1042358  1042446  
  1042686  1042812  
  1043225  1043347  
  1043713  1043803  
  1043916  1044004  
  1044107  1044230  
  1044231  1044342  
  1044608  1044737  
  1044896  1044989  
  1045366  1045466  
  1045758  1045885  
  1046185  1046282  
  1046513  1046603  
  1047065  1047167  
  1047169  1047274  
  1047278  1047380  
  1047587  1047656  
  1048019  1048087  
  1048521  1048614  
  1048972  1049063  
  1049510  1049643  
  1050008  1050066  
  1050191  1050282  
  1050708  1050800  
  1051204  1051283  
  1051431  1051466  
  1051751  1051842  
  1051989  1052075  
  1052260  1052350  
  1052457  1052609  
  1052803  1052909  
  1053243  1053321  
  1053403  1053520  
  1053941  1054025  
  1054513  1054604  
  1054923  1055007  
  1055241  1055337  
  1055577  1055690  
  1056104  1056225  
  1056664  1056752  
  1056790  1056862  
  1057018  1057094  
  1057388  1057459  
  1057931  1058058  
  1058308  1058405  
  1058724  1058851  
  1058970  1059072  
  1059153  1059232  
  1059294  1059390  
  1059521  1059652  
  1060113  1060206  
  1060239  1060315  
  1060414  1060553  
  1061027  1061164  
  1061351  1061450  
  1061460  1061549  
  1061674  1061796  
  1061818  1061915  
  1061983  1062100  
  1062358  1062469  
  1062569  1062650  
  1063081  1063134  
  1063387  1063490  
  1063640  1063710  
  1064022  1064122  
  1064498  1064576  
  1064644  1064783  
  1065031  1065148  
  1065274  1065378  
  1065835  1065913  
  1066008  1066098  
  1066387  1066476  
  1066974  1067090  
  1067400  1067504  
  1067554  1067679  
  1067963  1068042  
  1068069  1068182  
  1068353  1068467  
  1068558  1068649  
  1069107  1069196  
  1069542  1069619  
  1069957  1070057  
  1070301  1070394  
  1070802  1070916  
  1071115  1071226  
  1071615  1071675  
  1072071  1072177  
  1072538  1072606  
  1072868  1072969  
  1073353  1073466  
  1073691  1073789  
  1074111  1074206  
  1074654  1074732  
  1075139  1075210  
  1075323  1075397  
  1075806  1075882  
  1076315  1076420  
  1076773  1076874  
  1076982  1077127  
  1077398  1077474  
  1077919  1078011  
  1078501  1078591  
  1078759  1078872  
  1079350  1079398  
  1079896  1079989  
  1080061  1080136  
  1080265  1080368  
  1080419  1080533  
  1080779  1080896  
  1080980  1081090  
  1081281  1081370  
  1081667  1081759  
  1081812  1081918  
  1082094  1082181  
  1082656  1082729  
  1083213  1083311  
  1083772  1083890  
  1084130  1084227  
  1084378  1084495  
  1084544  1084654  
  1084657  1084783  
  1085244  1085317  
  1085357  1085454  
  1085942  1086027  
  1086402  1086503  
  1086841  1086940  
  1087170  1087294  
  1087680  1087769  
  1088265  1088362  
  1088684  1088797  
  1088970  1089092  
  1089112  1089179  
  1089559  1089657  
  1089914  1090015  
  1090362  1090461  
  1090754  1090862  
  1090985  1091120  
  1091296  1091411  
  1091507  1091589  
  1091958  1092057  
  1092464  1092578  
  1092789  1092880  
  1092985  1093070  
  1093182  1093266  
  1093754  1093848  
  1094164  1094244  
  1094462  1094559  
  1094722  1094827  
  1095270  1095383  
  1095861  1095979  
  1096056  1096174  
  1096429  1096513  
  1096659  1096765  
  1097144  1097200  
  1097276  1097374  
  1097380  1097479  
  1097497  1097578  
  1097764  1097844  
  1098257  1098387  
  1098502  1098601  
  1098686  1098769  
  1099218  1099310  
  1099774  1099899  
  1099983  1100115  
  1100543  1100675  
  1101110  1101176  
  1101181  1101267  
  1101559  1101686  
  1101941  1102083  
  1102370  1102457  
  1102868  1102934  
  1103359  1103489  
  1103810  1103914  
  1103999  1104090  
  1104148  1104260  
  1104566  1104648  
  1104728  1104813  
  1104877  1105004  
  1105503  1105604  
  1106029  1106120  
  1106506  1106585  
  1106940  1107019  
  1107164  1107243  
  1107380  1107465  
  1107622  1107677  
  1108110  1108241  
  1108346  1108444  
  1108745  1108847  
  1109215  1109336  
  1109497  1109602  
  1109822  1109885  
  1109977  1110065  
  1110199  1110311  
  1110787  1110927  
  1111335  1111449  
  1111697  1111791  
  1111885  1111945  
  1112262  1112369  
  1112818  1112926  
  1113030  1113122  
  1113620  1113721  
  1114026  1114156  
  1114603  1114692  
  1114982  1115082  
  1115499  1115618  
  1115731  1115840  
  1115927  1116036  
  1116458  1116577  
  1116752  1116849  
  1117044  1117136  
  1117411  1117486  
  1117598  1117685  
  1117752  1117828  
  1117861  1117940  
  1117974  1118065  
  1118397  1118520  
  1118788  1118870  
  1119268  1119359  
  1119712  1119806  
  1120001  1120105  
  1120417  1120513  
  1120884  1120998  
  1121210  1121332  
  1121384  1121455  
  1121913  1122008  
  1122255  1122359  
  1122765  1122855  
  1122862  1122983  
  1123378  1123459  
  1123524  1123639  
  1123880  1123993  
  1124481  1124523  
  1124852  1124934  
  1125319  1125437  
  1125781  1125849  
  1125943  1126038  
  1126171  1126238  
  1126254  1126328  
  1126756  1126845  
  1127210  1127312  
  1127413  1127485  
  1127666  1127790  
  1128190  1128288  
  1128761  1128858  
  1129019  1129123  
  1129555  1129669  
  1130029  1130094  
  1130253  1130363  
  1130462  1130556  
  1130825  1130896  
  1131029  1131133  
  1131503  1131623  
  1132019  1132079  
  1132426  1132545  
  1133037  1133142  
  1133297  1133366  
  1133794  1133864  
  1134006  1134152  
  1134525  1134622  
  1134965  1135069  
  1135148  1135283  
  1135607  1135707  
  1136150  1136261  
  1136716  1136805  
  1136995  1137090  
  1137270  1137371  
  1137591  1137688  
  1138023  1138105  
  1138380  1138489  
  1138967  1139075  
  1139123  1139184  
  1139301  1139389  
  1139505  1139587  
  1140027  1140127  
  1140489  1140621  
  1140953  1141032  
  1141203  1141277  
  1141502  1141624  
  1141754  1141871  
  1142339  1142422  
  1142862  1142935  
  1143069  1143157  
  1143342  1143437  
  1143506  1143615  
  1144015  1144085  
  1144310  1144397  
  1144613  1144728  
  1144774  1144887  
  1145239  1145351  
  1145824  1145943  
  1146261  1146371  
  1146376  1146463  
  1146759  1146882  
  1146943  1147013  
  1147197  1147265  
  1147428  1147535  
  1147546  1147648  
  1147904  1147988  
  1148060  1148181  
  1148312  1148425  
  1148865  1148970  
  1148989  1149082  
  1149115  1149211  
  1149377  1149435  
  1149451  1149546  
  1149869  1149951  
  1150200  1150296  
  1150640  1150725  
  1150895  1150991  
  1151392  1151515  
  1151715  1151812  
  1152078  1152194  
  1152473  1152596  
  1152843  1152991  
  1153260  1153378  
  1153577  1153643  
  1153984  1154058  
  1154365  1154434  
  1154778  1154861  
  1155281  1155395  
  1155618  1155709  
  1156208  1156307  
  1156356  1156467  
  1156688  1156845  
  1157283  1157399  
  1157590  1157676  
  1158127  1158205  
  1158552  1158637  
  1158673  1158775  
  1158884  1158995  
  1159324  1159400  
  1159842  1159948  
  1160053  1160132  
  1160268  1160358  
  1160789  1160901  
  1161015  1161103  
  1161509  1161621  
  1162051  1162140  
  1162432  1162526  
  1162857  1162973  
  1163392  1163496  
  1163573  1163697  
  1163966  1164089  
  1164450  1164549  
  1164682  1164791  
  1165146  1165277  
  1165545  1165635  
  1165937  1166033  
  1166464  1166566  
  1167065  1167191  
  1167216  1167333  
  1167710  1167847  
  1168127  1168245  
  1168744  1168833  
  1169040  1169144  
  1169478  1169589  
  1169713  1169817  
  1169915  1170003  
  1170113  1170201  
  1170648  1170772  
  1170783  1170882  
  1171079  1171237  
  1171656  1171733  
  1172011  1172115  
  1172581  1172691  
  1172953  1173028  
  1173219  1173321  
  1173754  1173859  
  1174352  1174470  
  1174835  1174922  
  1174964  1175050  
  1175370  1175471  
  1175696  1175767  
  1175785  1175879  
  1176279  1176361  
  1176744  1176837  
  1176868  1176961  
  1177270  1177340  
  1177641  1177745  
  1178117  1178194  
  1178563  1178651  
  1179088  1179185  
  1179403  1179517  
  1179623  1179703  
  1179866  1179996  
  1180194  1180259  
  1180628  1180708  
  1181130  1181263  
  1181325  1181386  
  1181736  1181827  
  1182133  1182242  
  1182616  1182714  
  1182873  1182989  
  1183296  1183441  
  1183724  1183813  
  1184176  1184266  
  1184337  1184413  
  1184735  1184836  
  1185237  1185350  
  1185360  1185455  
  1185779  1185860  
  1186315  1186393  
  1186875  1186986  
  1187059  1187160  
  1187493  1187597  
  1187653  1187737  
  1187908  1187961  
  1187983  1188105  
  1188564  1188683  
  1188956  1189080  
  1189442  1189524  
  1189737  1189829  
  1189959  1190093  
  1190126  1190202  
  1190296  1190376  
  1190791  1190891  
  1191016  1191126  
  1191174  1191273  
  1191620  1191697  
  1191922  1192041  
  1192331  1192426  
  1192617  1192683  
  1193052  1193167  
  1193391  1193487  
  1193861  1193964  
  1194316  1194437  
  1194572  1194702  
  1194979  1195067  
  1195451  1195553  
  1195615  1195740  
  1195750  1195847  
  1196090  1196161  
  1196163  1196264  
  1196507  1196608  
  1196790  1196864  
  1197163  1197270  
  1197498  1197581  
  1197994  1198077  
  1198271  1198369  
  1198648  1198766  
  1199219  1199333  
  1199787  1199908  
  1200181  1200258  
  1200378  1200489  
  1200671  1200737  
  1201114  1201258  
  1201747  1201876  
  1202108  1202206  
  1202627  1202715  
  1202935  1203040  
  1203087  1203176  
  1203296  1203403  
  1203591  1203690  
  1204076  1204170  
  1204213  1204370  
  1204802  1204905  
  1205093  1205153  
  1205544  1205672  
  1205780  1205880  
  1206204  1206312  
  1206678  1206767  
  1206981  1207065  
  1207188  1207294  
  1207758  1207861  
  1208038  1208127  
  1208183  1208279  
  1208580  1208674  
  1208953  1209044  
  1209278  1209350  
  1209386  1209467  
  1209725  1209869  
  1209933  1210018  
  1210078  1210131  
  1210390  1210473  
  1210907  1210986  
  1211140  1211218  
  1211368  1211478  
  1211609  1211720  
  1211767  1211871  
  1212075  1212179  
  1212472  1212561  
  1212832  1212934  
  1213210  1213309  
  1213353  1213446  
  1213512  1213614  
  1214111  1214223  
  1214505  1214643  
  1214775  1214875  
  1214959  1215063  
  1215352  1215465  
  1215632  1215756  
  1216027  1216110  
  1216268  1216372  
  1216555  1216658  
  1216832  1216929  
  1217004  1217105  
  1217560  1217684  
  1218090  1218203  
  1218683  1218797  
  1219014  1219123  
  1219307  1219400  
  1219752  1219816  
  1220189  1220291  
  1220655  1220777  
  1220905  1220949  
  1221190  1221285  
  1221580  1221698  
  1221737  1221836  
  1222130  1222211  
  1222514  1222582  
  1222795  1222872  
  1223141  1223260  
  1223309  1223384  
  1223391  1223480  
  1223519  1223635  
  1223846  1223984  
  1224297  1224415  
  1224475  1224580  
  1224649  1224783  
  1225021  1225126  
  1225178  1225324  
  1225398  1225502  
  1225877  1225968  
  1226402  1226497  
  1226575  1226679  
  1227109  1227219  
  1227441  1227487  
  1227649  1227741  
  1227856  1227946  
  1228118  1228207  
  1228612  1228759  
  1228943  1229070  
  1229336  1229456  
  1229674  1229765  
  1230179  1230275  
  1230474  1230557  
  1230761  1230839  
  1231247  1231346  
  1231712  1231826  
  1231890  1232032  
  1232141  1232279  
  1232318  1232447  
  1232547  1232628  
  1232757  1232853  
  1233078  1233192  
  1233552  1233644  
  1233707  1233806  
  1233869  1234017  
  1234027  1234107  
  1234414  1234550  
  1234665  1234768  
  1234878  1235006  
  1235333  1235423  
  1235731  1235841  
  1236002  1236095  
  1236117  1236202  
  1236410  1236506  
  1236864  1236940  
  1237099  1237196  
  1237536  1237623  
  1237975  1238117  
  1238173  1238272  
  1238309  1238396  
  1238723  1238833  
  1239181  1239297  
  1239648  1239769  
  1240085  1240191  
  1240462  1240561  
  1240674  1240790  
  1241160  1241251  
  1241607  1241697  
  1242103  1242202  
  1242231  1242362  
  1242823  1242917  
  1242950  1243045  
  1243046  1243173  
  1243549  1243635  
  1243915  1243987  
  1244083  1244171  
  1244668  1244718  
  1244867  1244954  
  1245446  1245518  
  1245998  1246105  
  1246419  1246485  
  1246838  1246901  
  1247164  1247260  
  1247307  1247391  
  1247474  1247543  
  1247675  1247772  
  1247888  1247994  
  1248142  1248249  
  1248738  1248830  
  1249233  1249329  
  1249676  1249799  
  1250032  1250113  
  1250349  1250473  
  1250888  1251003  
  1251490  1251600  
  1251774  1251911  
  1252173  1252258  
  1252627  1252709  
  1252732  1252840  
  1253054  1253175  
  1253334  1253437  
  1253684  1253788  
  1253965  1254116  
  1254498  1254624  
  1254807  1254865  
  1255280  1255360  
  1255809  1255888  
  1256104  1256209  
  1256450  1256551  
  1256857  1256947  
  1257344  1257442  
  1257860  1257942  
  1258404  1258505  
  1258982  1259059  
  1259232  1259326  
  1259597  1259694  
  1259745  1259827  
  1260046  1260152  
  1260602  1260733  
  1260971  1261044  
  1261464  1261559  
  1262026  1262110  
  1262399  1262503  
  1262559  1262671  
  1263049  1263166  
  1263565  1263683  
  1263932  1264008  
  1264137  1264284  
  1264434  1264519  
  1264643  1264719  
  1264935  1264975  
  1265363  1265442  
  1265741  1265812  
  1266068  1266181  
  1266349  1266472  
  1266600  1266712  
  1266786  1266839  
  1267315  1267418  
  1267509  1267607  
  1267713  1267812  
  1268145  1268241  
  1268626  1268767  
  1268895  1268963  
  1269383  1269478  
  1269975  1270071  
  1270273  1270373  
  1270836  1270925  
  1270939  1271051  
  1271520  1271622  
  1271985  1272073  
  1272572  1272630  
  1272847  1272919  
  1273151  1273245  
  1273494  1273568  
  1273741  1273843  
  1274128  1274231  
  1274397  1274485  
  1274897  1274992  
  1275255  1275380  
  1275833  1275928  
  1276106  1276183  
  1276224  1276362  
  1276435  1276595  
  1277033  1277127  
  1277372  1277454  
  1277904  1278045  
  1278139  1278266  
  1278520  1278627  
  1278662  1278763  
  1278882  1278991  
  1279205  1279263  
  1279358  1279470  
  1279829  1279965  
  1280031  1280121  
  1280253  1280374  
  1280595  1280685  
  1280854  1280912  
  1281158  1281269  
  1281582  1281677  
  1282159  1282237  
  1282490  1282555  
  1282699  1282837  
  1283027  1283129  
  1283324  1283430  
  1283902  1283965  
  1284166  1284291  
  1284474  1284549  
  1284825  1284947  
  1285312  1285396  
  1285429  1285559  
  1285898  1285992  
  1286084  1286198  
  1286354  1286461  
  1286840  1286926  
  1286959  1287066  
  1287494  1287620  
  1287826  1287944  
  1288390  1288493  
  1288572  1288650  
  1288775  1288891  
  1289257  1289369  
  1289688  1289781  
  1290239  1290365  
  1290503  1290620  
  1290768  1290832  
  1291115  1291196  
  1291350  1291456  
  1291695  1291786  
  1292246  1292347  
  1292410  1292536  
  1292991  1293099  
  1293306  1293418  
  1293870  1293976  
  1294064  1294165  
  1294244  1294321  
  1294734  1294843  
  1295081  1295172  
  1295437  1295537  
  1295911  1296027  
  1296287  1296359  
  1296782  1296845  
  1296864  1296934  
  1296993  1297073  
  1297326  1297407  
  1297592  1297678  
  1297763  1297859  
  1298254  1298354  
  1298414  1298517  
  1298758  1298852  
  1298900  1298973  
  1299269  1299348  
  1299529  1299623  
  1300076  1300204  
  1300511  1300602  
  1300609  1300706  
  1300988  1301070  
  1301237  1301334  
  1301717  1301827  
  1302124  1302194  
  1302504  1302590  
  1302591  1302699  
  1303043  1303135  
  1303211  1303333  
  1303399  1303465  
  1303567  1303667  
  1304023  1304092  
  1304320  1304418  
  1304674  1304776  
  1304937  1304986  
  1305425  1305517  
  1305829  1305923  
  1306235  1306350  
  1306818  1306928  
  1307115  1307223  
  1307684  1307773  
  1307865  1307968  
  1308328  1308434  
  1308916  1308998  
  1309143  1309266  
  1309381  1309451  
  1309845  1309935  
  1310302  1310410  
  1310484  1310590  
  1310782  1310861  
  1311273  1311374  
  1311737  1311867  
  1312202  1312301  
  1312364  1312460  
  1312953  1313037  
  1313534  1313623  
  1314100  1314199  
  1314286  1314395  
  1314400  1314487  
  1314865  1314978  
  1315115  1315229  
  1315255  1315354  
  1315448  1315544  
  1315933  1316036  
  1316060  1316158  
  1316435  1316554  
  1317035  1317169  
  1317538  1317624  
  1318071  1318168  
  1318665  1318752  
  1319006  1319095  
  1319261  1319363  
  1319591  1319694  
  1319746  1319846  
  1320091  1320218  
  1320669  1320765  
  1320918  1321018  
  1321092  1321197  
  1321610  1321667  
  1321720  1321812  
  1322274  1322355  
  1322815  1322936  
  1323311  1323379  
  1323495  1323620  
  1323765  1323889  
  1324370  1324481  
  1324764  1324896  
  1325248  1325352  
  1325633  1325688  
  1325921  1326019  
  1326387  1326489  
  1326880  1326998  
  1327256  1327338  
  1327437  1327555  
  1327701  1327791  
  1327829  1327919  
  1328111  1328212  
  1328539  1328650  
  1329013  1329101  
  1329193  1329314  
  1329416  1329515  
  1329543  1329642  
  1329726  1329803  
  1329970  1330093  
  1330135  1330250  
  1330507  1330614  
  1330882  1330967  
  1331355  1331434  
  1331671  1331776  
  1332009  1332119  
  1332580  1332656  
  1333093  1333158  
  1333655  1333744  
  1333773  1333860  
  1334313  1334421  
  1334533  1334621  
  1335017  1335105  
  1335120  1335232  
  1335321  1335430  
  1335770  1335858  
  1336349  1336460  
  1336711  1336799  
  1337102  1337213  
  1337627  1337708  
  1338044  1338167  
  1338542  1338657  
  1338842  1338945  
  1339202  1339292  
  1339679  1339774  
  1340194  1340293  
  1340635  1340716  
  1341030  1341093  
  1341219  1341335  
  1341543  1341645  
  1341675  1341768  
  1342232  1342315  
  1342717  1342843  
  1343059  1343142  
  1343638  1343736  
  1344073  1344159  
  1344619  1344725  
  1345055  1345152  
  1345276  1345385  
  1345758  1345854  
  1346207  1346307  
  1346555  1346635  
  1347015  1347119  
  1347382  1347510  
  1347551  1347693  
  1347797  1347877  
  1348161  1348259  
  1348264  1348345  
  1348707  1348829  
  1349326  1349425  
  1349882  1349998  
  1350414  1350519  
  1350549  1350661  
  1351044  1351148  
  1351312  1351419  
  1351460  1351585  
  1351938  1352038  
  1352164  1352279  
  1352617  1352744  
  1353151  1353283  
  1353446  1353537  
  1353727  1353841  
  1354043  1354134  
  1354352  1354439  
  1354583  1354645  
  1354761  1354861  
  1354967  1355044  
  1355432  1355560  
  1356009  1356109  
  1356473  1356584  
  1356638  1356719  
  1357136  1357238  
  1357623  1357709  
  1358130  1358214  
  1358282  1358379  
  1358559  1358636  
  1358903  1358993  
  1359384  1359458  
  1359900  1359988  
  1360178  1360292  
  1360511  1360607  
  1360623  1360718  
  1361176  1361261  
  1361550  1361669  
  1362036  1362145  
  1362480  1362567  
  1362569  1362648  
  1362853  1362956  
  1363450  1363541  
  1363554  1363652  
  1363757  1363863  
  1364202  1364298  
  1364575  1364677  
  1364958  1365047  
  1365262  1365368  
  1365467  1365601  
  1365799  1365916  
  1366228  1366352  
  1366552  1366667  
  1367002  1367086  
  1367210  1367328  
  1367762  1367858  
  1368115  1368211  
  1368620  1368722  
  1369079  1369173  
  1369414  1369485  
  1369860  1369929  
  1370234  1370325  
  1370806  1370908  
  1371331  1371434  
  1371588  1371694  
  1371796  1371889  
  1372059  1372147  
  1372473  1372588  
  1372878  1372985  
  1373343  1373437  
  1373494  1373584  
  1374028  1374150  
  1374502  1374564  
  1374982  1375065  
  1375162  1375285  
  1375414  1375502  
  1375521  1375611  
  1375706  1375822  
  1376094  1376192  
  1376208  1376322  
  1376731  1376855  
  1376971  1377068  
  1377177  1377293  
  1377544  1377605  
  1377796  1377891  
  1377982  1378050  
  1378320  1378414  
  1378514  1378606  
  1378609  1378714  
  1379206  1379303  
  1379499  1379612  
  1380004  1380079  
  1380106  1380174  
  1380417  1380518  
  1380794  1380923  
  1381032  1381137  
  1381422  1381533  
  1381880  1381963  
  1382403  1382531  
  1382560  1382685  
  1383023  1383139  
  1383412  1383508  
  1383975  1384070  
  1384555  1384660  
  1384806  1384937  
  1384950  1385021  
  1385486  1385600  
  1385833  1385976  
  1386417  1386505  
  1386952  1387052  
  1387201  1387347  
  1387622  1387738  
  1388235  1388317  
  1388592  1388703  
  1389046  1389147  
  1389561  1389672  
  1390055  1390172  
  1390655  1390756  
  1390854  1390953  
  1391431  1391525  
  1391574  1391680  
  1392154  1392255  
  1392458  1392555  
  1392901  1393014  
  1393463  1393575  
  1393692  1393789  
  1393876  1393986  
  1394072  1394208  
  1394629  1394688  
  1394802  1394918  
  1395277  1395385  
  1395633  1395715  
  1395832  1395930  
  1395985  1396112  
  1396163  1396252  
  1396428  1396468  
  1396802  1396909  
  1397384  1397487  
  1397653  1397750  
  1398220  1398321  
  1398748  1398856  
  1399016  1399119  
  1399200  1399305  
  1399639  1399766  
  1399777  1399852  
  1400272  1400356  
  1400710  1400845  
  1401325  1401419  
  1401804  1401913  
  1402220  1402299  
  1402368  1402470  
  1402858  1402989  
  1403306  1403397  
  1403577  1403680  
  1404073  1404194  
  1404344  1404424  
  1404539  1404621  
  1404710  1404831  
  1404961  1405087  
  1405243  1405371  
  1405518  1405637  
  1406136  1406244  
  1406463  1406568  
  1406891  1406985  
  1407272  1407362  
  1407818  1407880  
  1408375  1408456  
  1408739  1408842  
  1409029  1409123  
  1409479  1409587  
  1409598  1409704  
  1410091  1410165  
  1410332  1410431  
  1410671  1410756  
  1410796  1410932  
  1410966  1411049  
  1411114  1411211  
  1411377  1411489  
  1411641  1411778  
  1412083  1412182  
  1412348  1412458  
  1412862  1412960  
  1413418  1413508  
  1413538  1413626  
  1413780  1413856  
  1414290  1414404  
  1414618  1414729  
  1414902  1414994  
  1415262  1415350  
  1415394  1415524  
  1415914  1416013  
  1416388  1416505  
  1416802  1416901  
  1416963  1417056  
  1417149  1417238  
  1417358  1417443  
  1417882  1417981  
  1418289  1418371  
  1418848  1418952  
  1419427  1419554  
  1419823  1419921  
  1420008  1420084  
  1420247  1420316  
  1420758  1420855  
  1421070  1421201  
  1421557  1421684  
  1421885  1421950  
  1422014  1422089  
  1422497  1422596  
  1422963  1423077  
  1423335  1423423  
  1423878  1423985  
  1424388  1424471  
  1424716  1424822  
  1424964  1425066  
  1425221  1425368  
  1425392  1425470  
  1425914  1425999  
  1426115  1426215  
  1426529  1426654  
  1426957  1427067  
  1427123  1427194  
  1427415  1427542  
  1427892  1428009  
  1428168  1428301  
  1428658  1428747  
  1429055  1429157  
  1429389  1429492  
  1429616  1429700  
  1430141  1430182  
  1430664  1430769  
  1431051  1431150  
  1431287  1431376  
  1431637  1431745  
  1431821  1431904  
  1432048  1432146  
  1432172  1432275  
  1432598  1432703  
  1432944  1433003  
  1433475  1433571  
  1433782  1433877  
  1433901  1433981  
  1434055  1434168  
  1434624  1434722  
  1435164  1435243  
  1435596  1435719  
  1436054  1436152  
  1436380  1436502  
  1436623  1436705  
  1437201  1437281  
  1437437  1437554  
  1437766  1437872  
  1437951  1438046  
  1438440  1438535  
  1438713  1438849  
  1438860  1438965  
  1439199  1439278  
  1439666  1439760  
  1440133  1440228  
  1440650  1440802  
  1441205  1441334  
  1441509  1441623  
  1441857  1441912  
  1442385  1442484  
  1442676  1442753  
  1443013  1443123  
  1443344  1443417  
  1443575  1443638  
  1444086  1444169  
  1444550  1444664  
  1444920  1445009  
  1445116  1445234  
  1445255  1445326  
  1445440  1445576  
  1445595  1445700  
  1445917  1446018  
  1446270  1446386  
  1446601  1446731  
  1446815  1446907  
  1447050  1447127  
  1447537  1447661  
  1448053  1448133  
  1448214  1448297  
  1448606  1448706  
  1449187  1449305  
  1449765  1449829  
  1450217  1450290  
  1450387  1450474  
  1450930  1450998  
  1451391  1451530  
  1451658  1451755  
  1451970  1452067  
  1452338  1452455  
  1452560  1452651  
  1452976  1453093  
  1453586  1453696  
  1453956  1454067  
  1454377  1454458  
  1454612  1454736  
  1454927  1455051  
  1455541  1455626  
  1455802  1455918  
  1456193  1456337  
  1456584  1456661  
  1456744  1456823  
  1456925  1457048  
  1457507  1457624  
  1457738  1457814  
  1458086  1458188  
  1458639  1458709  
  1458989  1459083  
  1459121  1459218  
  1459330  1459421  
  1459829  1459939  
  1460410  1460495  
  1460563  1460670  
  1460982  1461058  
  1461112  1461193  
  1461484  1461572  
  1462040  1462140  
  1462355  1462469  
  1462904  1462997  
  1463383  1463476  
  1463489  1463615  
  1463877  1463973  
  1464203  1464324  
  1464592  1464700  
  1464866  1464968  
  1465466  1465557  
  1465925  1466015  
  1466296  1466384  
  1466434  1466538  
  1466590  1466656  
  1466800  1466899  
  1467279  1467386  
  1467457  1467564  
  1467569  1467710  
  1468059  1468132  
  1468503  1468578  
  1469011  1469129  
  1469552  1469639  
  1469650  1469775  
  1469948  1470041  
  1470278  1470368  
  1470508  1470610  
  1470779  1470894  
  1471143  1471234  
  1471716  1471813  
  1471868  1471946  
  1472072  1472182  
  1472546  1472628  
  1472945  1473014  
  1473455  1473574  
  1473710  1473811  
  1473929  1474022  
  1474200  1474292  
  1474652  1474738  
  1474947  1475068  
  1475507  1475621  
  1475802  1475907  
  1476101  1476191  
  1476486  1476609  
  1476951  1477038  
  1477062  1477169  
  1477396  1477475  
  1477649  1477740  
  1477862  1477952  
  1478155  1478269  
  1478507  1478611  
  1478869  1478963  
  1479084  1479170  
  1479440  1479526  
  1479691  1479801  
  1479806  1479885  
  1480316  1480380  
  1480538  1480624  
  1480919  1481054  
  1481242  1481368  
  1481408  1481524  
  1481963  1482056  
  1482137  1482234  
  1482632  1482728  
  1482933  1483052  
  1483396  1483480  
  1483800  1483904  
  1484015  1484154  
  1484208  1484294  
  1484561  1484671  
  1484849  1484924  
  1485056  1485167  
  1485513  1485626  
  1486075  1486194  
  1486288  1486402  
  1486814  1486933  
  1487393  1487476  
  1487875  1487993  
  1488057  1488136  
  1488483  1488550  
  1488774  1488880  
  1489172  1489239  
  1489605  1489711  
  1490131  1490202  
  1490381  1490489  
  1490844  1490925  
  1490929  1491025  
  1491163  1491288  
  1491734  1491812  
  1492288  1492376  
  1492576  1492675  
  1493137  1493230  
  1493592  1493687  
  1493887  1494000  
  1494190  1494295  
  1494384  1494473  
  1494808  1494868  
  1495104  1495216  
  1495231  1495325  
  1495616  1495711  
  1495735  1495867  
  1496158  1496270  
  1496434  1496527  
  1496988  1497089  
  1497148  1497261  
  1497710  1497830  
  1498228  1498301  
  1498709  1498827  
  1499325  1499392  
  1499817  1499905  
  1500247  1500312  
  1500315  1500427  
  1500886  1500986  
  1501177  1501272  
  1501622  1501704  
  1501848  1501951  
  1502061  1502196  
  1502663  1502738  
  1502934  1503049  
  1503081  1503174  
  1503567  1503630  
  1503758  1503829  
  1504043  1504132  
  1504437  1504534  
  1505025  1505136  
  1505279  1505390  
  1505682  1505770  
  1506012  1506120  
  1506352  1506455  
  1506733  1506801  
  1507074  1507166  
  1507333  1507458  
  1507488  1507599  
  1507687  1507755  
  1507962  1508062  
  1508240  1508307  
  1508690  1508794  
  1509068  1509147  
  1509564  1509662  
  1509707  1509852  
  1509855  1509941  
  1510332  1510438  
  1510672  1510776  
  1511235  1511339  
  1511619  1511719  
  1512011  1512114  
  1512176  1512279  
  1512426  1512531  
  1513025  1513077  
  1513192  1513286  
  1513484  1513565  
  1513713  1513816  
  1514109  1514210  
  1514351  1514424  
  1514543  1514659  
  1515123  1515239  
  1515413  1515499  
  1515855  1515933  
  1516250  1516310  
  1516565  1516667  
  1516919  1517038  
  1517225  1517284  
  1517472  1517569  
  1517673  1517749  
  1518008  1518108  
  1518569  1518677  
  1518809  1518909  
  1518939  1519040  
  1519125  1519270  
  1519511  1519597  
  1519916  1520035  
  1520387  1520476  
  1520750  1520877  
  1520878  1521022  
  1521264  1521406  
  1521889  1521967  
  1522048  1522175  
  1522464  1522590  
  1522682  1522806  
  1523089  1523148  
  1523310  1523430  
  1523512  1523584  
  1523901  1523966  
  1524361  1524447  
  1524745  1524852  
  1525186  1525291  
  1525564  1525681  
  1525985  1526087  
  1526264  1526371  
  1526679  1526817  
  1527285  1527366  
  1527623  1527735  
  1528142  1528278  
  1528735  1528797  
  1528945  1529102  
  1529287  1529412  
  1529818  1529935  
  1529967  1530072  
  1530474  1530602  
  1530891  1531008  
  1531034  1531130  
  1531205  1531322  
  1531600  1531682  
  1531752  1531831  
  1532008  1532096  
  1532280  1532344  
  1532809  1532919  
  1533033  1533154  
  1533610  1533724  
  1533861  1533979  
  1534405  1534542  
  1534957  1535088  
  1535561  1535667  
  1535684  1535818  
  1536097  1536206  
  1536293  1536396  
  1536641  1536710  
  1536770  1536867  
  1536915  1537037  
  1537082  1537193  
  1537281  1537377  
  1537782  1537876  
  1538217  1538306  
  1538424  1538506  
  1538663  1538756  
  1538773  1538876  
  1539092  1539186  
  1539657  1539766  
  1540179  1540262  
  1540629  1540731  
  1540973  1541067  
  1541245  1541332  
  1541628  1541725  
  1542209  1542299  
  1542414  1542472  
  1542651  1542750  
  1543067  1543186  
  1543260  1543343  
  1543778  1543877  
  1544049  1544143  
  1544355  1544447  
  1544845  1544945  
  1545154  1545226  
  1545631  1545727  
  1545740  1545838  
  1546097  1546198  
  1546201  1546293  
  1546466  1546508  
  1546846  1546925  
  1547073  1547150  
  1547171  1547258  
  1547731  1547802  
  1548095  1548194  
  1548394  1548529  
  1548942  1549033  
  1549425  1549476  
  1549941  1550059  
  1550077  1550189  
  1550621  1550687  
  1551105  1551186  
  1551384  1551488  
  1551725  1551807  
  1551840  1551971  
  1552187  1552304  
  1552715  1552788  
  1552937  1553025  
  1553242  1553320  
  1553415  1553495  
  1553938  1554045  
  1554083  1554220  
  1554456  1554555  
  1554590  1554694  
  1554748  1554851  
  1555070  1555184  
  1555537  1555678  
  1555808  1555903  
  1556057  1556195  
  1556616  1556698  
  1557025  1557104  
  1557504  1557583  
  1558078  1558208  
  1558511  1558606  
  1558688  1558767  
  1558813  1558916  
  1558961  1559049  
  1559220  1559324  
  1559362  1559450  
  1559474  1559568  
  1560044  1560134  
  1560378  1560470  
  1560552  1560670  
  1560863  1560939  
  1561045  1561125  
  1561561  1561646  
  1561694  1561812  
  1562246  1562343  
  1562663  1562749  
  1562993  1563099  
  1563417  1563515  
  1563600  1563682  
  1563855  1563923  
  1564288  1564399  
  1564588  1564701  
  1565196  1565288  
  1565290  1565379  
  1565764  1565835  
  1566103  1566157  
  1566595  1566673  
  1566788  1566844  
  1566856  1566959  
  1567452  1567573  
  1567937  1568060  
  1568305  1568384  
  1568567  1568682  
  1569126  1569210  
  1569327  1569443  
  1569853  1569953  
  1570216  1570285  
  1570752  1570877  
  1571204  1571289  
  1571559  1571684  
  1571862  1571973  
  1572024  1572150  
  1572477  1572594  
  1572756  1572863  
  1573235  1573347  
  1573548  1573654  
  1573755  1573847  
  1574189  1574297  
  1574422  1574511  
  1574568  1574656  
  1574694  1574789  
  1574799  1574871  
  1575007  1575133  
  1575350  1575441  
  1575602  1575674  
  1575974  1576064  
  1576385  1576518  
  1576565  1576637  
  1576981  1577087  
  1577276  1577388  
  1577688  1577804  
  1577833  1577904  
  1578289  1578396  
  1578448  1578566  
  1578907  1578972  
  1579367  1579446  
  1579484  1579587  
  1579747  1579854  
  1579906  1580001  
  1580340  1580432  
  1580513  1580604  
  1580922  1581018  
  1581095  1581208  
  1581585  1581674  
  1582085  1582216  
  1582490  1582592  
  1582725  1582841  
  1583236  1583332  
  1583724  1583828  
  1584213  1584342  
  1584575  1584648  
  1584919  1585003  
  1585056  1585168  
  1585368  1585445  
  1585462  1585554  
  1585762  1585855  
  1586032  1586128  
  1586361  1586442  
  1586823  1586906  
  1587306  1587402  
  1587477  1587600  
  1587889  1588006  
  1588015  1588130  
  1588621  1588725  
  1589147  1589227  
  1589660  1589770  
  1589866  1590014  
  1590115  1590247  
  1590334  1590453  
  1590776  1590918  
  1591026  1591120  
  1591349  1591427  
  1591575  1591685  
  1592102  1592240  
  1592621  1592699  
  1593059  1593198  
  1593661  1593775  
  1593843  1593939  
  1594176  1594263  
  1594734  1594843  
  1595311  1595399  
  1595786  1595907  
  1596065  1596165  
  1596664  1596755  
  1597100  1597183  
  1597611  1597689  
  1597739  1597837  
  1598245  1598314  
  1598541  1598650  
  1598681  1598751  
  1598993  1599064  
  1599375  1599508  
  1599557  1599663  
  1599818  1599957  
  1600259  1600355  
  1600728  1600847  
  1601037  1601103  
  1601271  1601340  
  1601409  1601501  
  1601742  1601856  
  1602310  1602414  
  1602549  1602595  
  1602705  1602801  
  1602938  1603012  
  1603356  1603477  
  1603523  1603637  
  1604062  1604118  
  1604285  1604378  
  1604547  1604619  
  1604747  1604843  
  1605281  1605343  
  1605417  1605494  
  1605632  1605771  
  1606108  1606179  
  1606433  1606518  
  1606837  1606921  
  1607228  1607323  
  1607635  1607741  
  1607745  1607842  
  1608082  1608180  
  1608207  1608301  
  1608581  1608691  
  1608806  1608906  
  1609302  1609364  
  1609600  1609758  
  1610079  1610180  
  1610260  1610371  
  1610722  1610839  
  1610867  1610966  
  1611453  1611572  
  1611976  1612119  
  1612273  1612377  
  1612785  1612892  
  1613301  1613422  
  1613506  1613597  
  1613649  1613771  
  1613836  1613941  
  1614014  1614116  
  1614177  1614306  
  1614790  1614891  
  1615075  1615154  
  1615503  1615590  
  1615992  1616103  
  1616178  1616257  
  1616337  1616427  
  1616851  1616920  
  1617276  1617333  
  1617451  1617539  
  1617775  1617877  
  1618191  1618296  
  1618557  1618673  
  1618820  1618960  
  1619158  1619273  
  1619384  1619517  
  1619975  1620089  
  1620379  1620457  
  1620829  1620918  
  1621050  1621140  
  1621185  1621272  
  1621664  1621757  
  1622099  1622193  
  1622649  1622725  
  1623015  1623110  
  1623374  1623485  
  1623568  1623682  
  1624057  1624144  
  1624168  1624273  
  1624371  1624476  
  1624820  1624883  
  1624998  1625104  
  1625602  1625681  
  1625792  1625879  
  1626090  1626190  
  1626384  1626482  
  1626665  1626767  
  1626795  1626890  
  1627351  1627462  
  1627929  1628017  
  1628135  1628239  
  1628577  1628697  
  1629072  1629168  
  1629241  1629314  
  1629476  1629589  
  1629775  1629869  
  1630329  1630440  
  1630659  1630775  
  1630942  1631058  
  1631281  1631401  
  1631876  1631967  
  1632384  1632463  
  1632875  1632999  
  1633055  1633166  
  1633470  1633573  
  1633949  1634081  
  1634208  1634298  
  1634682  1634819  
  1634922  1635001  
  1635302  1635458  
  1635706  1635778  
  1635890  1635980  
  1636188  1636286  
  1636643  1636742  
  1637042  1637149  
  1637415  1637491  
  1637676  1637763  
  1637925  1637996  
  1638425  1638551  
  1639050  1639123  
  1639464  1639542  
  1639913  1640007  
  1640384  1640479  
  1640854  1640925  
  1641384  1641512  
  1641911  1641990  
  1641999  1642101  
  1642273  1642358  
  1642687  1642774  
  1642913  1643056  
  1643086  1643199  
  1643594  1643693  
  1643738  1643864  
  1644076  1644171  
  1644538  1644645  
  1645083  1645187  
  1645246  1645352  
  1645555  1645638  
  1645670  1645764  
  1646052  1646152  
  1646561  1646673  
  1647162  1647247  
  1647655  1647775  
  1648235  1648328  
  1648813  1648875  
  1649133  1649231  
  1649408  1649522  
  1649857  1649940  
  1650128  1650262  
  1650591  1650684  
  1651081  1651192  
  1651381  1651459  
  1651553  1651646  
  1652022  1652112  
  1652463  1652576  
  1652741  1652801  
  1653256  1653382  
  1653818  1653899  
  1653981  1654053  
  1654460  1654561  
  1654983  1655112  
  1655580  1655694  
  1655876  1655928  
  1656316  1656414  
  1656892  1656958  
  1657373  1657501  
  1657527  1657607  
  1658027  1658132  
  1658279  1658402  
  1658737  1658864  
  1658893  1658985  
  1659391  1659472  
  1659919  1660023  
  1660359  1660438  
  1660864  1660940  
  1661291  1661380  
  1661546  1661647  
  1662133  1662259  
  1662651  1662772  
  1663262  1663342  
  1663816  1663959  
  1664037  1664146  
  1664565  1664654  
  1664726  1664826  
  1664919  1665033  
  1665203  1665307  
  1665753  1665824  
  1666232  1666325  
  1666798  1666913  
  1667033  1667122  
  1667412  1667514  
  1667609  1667726  
  1667902  1667976  
  1668279  1668402  
  1668724  1668850  
  1669158  1669263  
  1669702  1669825  
  1670200  1670306  
  1670708  1670778  
  1670905  1671027  
  1671138  1671232  
  1671293  1671392  
  1671584  1671665  
  1671737  1671849  
  1672141  1672263  
  1672653  1672747  
  1672851  1672919  
  1673245  1673341  
  1673580  1673663  
  1674118  1674227  
  1674523  1674673  
  1674899  1675011  
  1675393  1675513  
  1676008  1676128  
  1676185  1676300  
  1676601  1676681  
  1676815  1676913  
  1677110  1677205  
  1677530  1677625  
  1677913  1678044  
  1678351  1678437  
  1678840  1678950  
  1679249  1679334  
  1679656  1679746  
  1680112  1680227  
  1680301  1680383  
  1680501  1680637  
  1680728  1680800  
  1680874  1680957  
  1681069  1681172  
  1681626  1681752  
  1682160  1682257  
  1682408  1682536  
  1683027  1683144  
  1683200  1683284  
  1683327  1683420  
  1683573  1683670  
  1683889  1683988  
  1684125  1684214  
  1684509  1684633  
  1684772  1684839  
  1685243  1685307  
  1685624  1685743  
  1685928  1686052  
  1686410  1686516  
  1686693  1686769  
  1686859  1686970  
  1686993  1687071  
  1687326  1687420  
  1687513  1687594  
  1687908  1687974  
  1688374  1688488  
  1688635  1688761  
  1688835  1688930  
  1689288  1689399  
  1689485  1689623  
  1690042  1690160  
  1690238  1690343  
  1690474  1690615  
  1691085  1691193  
  1691427  1691544  
  1691858  1691946  
  1691959  1692064  
  1692517  1692608  
  1692735  1692820  
  1693164  1693260  
  1693359  1693474  
  1693692  1693793  
  1693907  1694017  
  1694301  1694402  
  1694818  1694916  
  1695038  1695106  
  1695573  1695695  
  1695750  1695857  
  1696321  1696433  
  1696701  1696822  
  1696846  1696900  
  1696901  1696978  
  1697348  1697459  
  1697522  1697646  
  1697911  1698007  
  1698089  1698204  
  1698515  1698604  
  1698616  1698697  
  1698880  1698960  
  1699203  1699241  
  1699371  1699472  
  1699896  1699991  
  1700000  1700108  
  1700269  1700379  
  1700705  1700809  
  1700985  1701074  
  1701555  1701677  
  1701780  1701900  
  1702324  1702407  
  1702853  1702920  
  1703345  1703453  
  1703858  1703938  
  1704405  1704497  
  1704787  1704888  
  1705339  1705439  
  1705907  1705985  
  1706400  1706512  
  1706788  1706869  
  1707108  1707167  
  1707346  1707443  
  1707530  1707634  
  1708089  1708183  
  1708357  1708457  
  1708530  1708586  
  1708931  1709008  
  1709025  1709114  
  1709202  1709282  
  1709470  1709572  
  1709957  1710078  
  1710267  1710364  
  1710597  1710697  
  1710698  1710803  
  1710812  1710891  
  1711377  1711474  
  1711863  1711964  
  1712064  1712141  
  1712417  1712546  
  1712928  1713002  
  1713277  1713404  
  1713815  1713934  
  1713976  1714112  
  1714306  1714419  
  1714813  1714930  
  1715320  1715428  
  1715881  1715992  
  1716305  1716373  
  1716660  1716773  
  1717114  1717204  
  1717647  1717746  
  1718128  1718238  
  1718543  1718628  
  1718865  1718962  
  1719328  1719418  
  1719632  1719714  
  1719751  1719834  
  1720269  1720388  
  1720399  1720460  
  1720616  1720668  
  1721131  1721210  
  1721617  1721726  
  1722000  1722077  
  1722460  1722542  
  1722823  1722920  
  1723340  1723456  
  1723514  1723621  
  1723829  1723923  
  1724222  1724362  
  1724732  1724830  
  1724953  1725103  
  1725456  1725572  
  1725936  1726017  
  1726365  1726448  
  1726743  1726822  
  1727060  1727146  
  1727268  1727343  
  1727599  1727724  
  1727824  1727919  
  1728093  1728211  
  1728369  1728479  
  1728750  1728851  
  1729071  1729190  
  1729562  1729664  
  1729953  1730070  
  1730304  1730432  
  1730807  1730863  
  1731121  1731204  
  1731598  1731714  
  1732110  1732212  
  1732598  1732686  
  1733089  1733182  
  1733617  1733704  
  1734139  1734250  
  1734413  1734518  
  1734992  1735096  
  1735584  1735679  
  1735932  1736047  
  1736196  1736318  
  1736435  1736535  
  1736549  1736626  
  1737082  1737182  
  1737266  1737384  
  1737857  1737934  
  1738218  1738322  
  1738820  1738905  
  1739371  1739476  
  1739823  1739898  
  1740280  1740381  
  1740503  1740570  
  1740573  1740666  
  1740957  1741061  
  1741303  1741427  
  1741568  1741645  
  1741804  1741873  
  1742173  1742244  
  1742383  1742503  
  1742830  1742943  
  1743161  1743265  
  1743317  1743423  
  1743851  1743931  
  1743956  1744034  
  1744102  1744207  
  1744226  1744313  
  1744568  1744653  
  1744717  1744855  
  1744959  1745108  
  1745181  1745244  
  1745401  1745527  
  1745926  1746009  
  1746178  1746264  
  1746274  1746387  
  1746485  1746575  
  1746804  1746918  
  1747140  1747219  
  1747410  1747492  
  1747675  1747781  
  1748072  1748186  
  1748650  1748748  
  1749246  1749332  
  1749572  1749680  
  1749792  1749888  
  1750359  1750458  
  1750710  1750833  
  1751226  1751340  
  1751839  1751953  
  1752203  1752254  
  1752271  1752386  
  1752424  1752528  
