  75  202  
  291  443  
  612  634  
  1088  1183  
  1644  1797  
  2034  2098  
  2437  2528  
  2668  2805  
  3216  3276  
  3637  3736  
  4198  4346  
  4717  4772  
  4944  5047  
  5076  5232  
  5506  5558  
  5864  5966  
  6234  6396  
  6865  6910  
  6930  7030  
  7107  7273  
  7619  7669  
  7870  7972  
  8118  8270  
  8640  8710  
  8763  8869  
  9234  9380  
  9744  9786  
  9879  9963  
  9994  10164  
  10436  10469  
  10769  10853  
  11188  11340  
  11638  11681  
  11917  12022  
  12364  12527  
  12743  12801  
  13085  13180  
  13540  13690  
  14107  14151  
  14641  14739  
  15146  15305  
  15322  15374  
  15548  15644  
  16040  16188  
  16542  16593  
  16885  16993  
  17314  17461  
  17701  17778  
  17891  17999  
  18433  18579  
  18581  18617  
  19107  19178  
  19529  19679  
  20009  20032  
  20429  20526  
  20858  21002  
  21422  21477  
  21643  21741  
  22099  22237  
  22270  22308  
  22421  22517  
  22629  22788  
  23025  23065  
  23124  23230  
  23292  23445  
  23939  23986  
  24345  24435  
  24497  24661  
  25006  25056  
  25462  25556  
  26030  26194  
  26584  26638  
  26881  26968  
  27422  27574  
  27852  27894  
  28325  28427  
  28913  29052  
  29539  29585  
  29849  29942  
  30052  30221  
  30386  30429  
  30795  30890  
  31302  31446  
  31509  31560  
  31857  31957  
  32166  32338  
  32606  32671  
  33003  33104  
  33156  33310  
  33595  33660  
  33997  34085  
  34392  34540  
  34806  34873  
  35066  35165  
  35506  35651  
  35871  35925  
  36102  36194  
  36337  36495  
  36519  36577  
  37001  37100  
  37507  37656  
  37677  37726  
  38206  38299  
  38770  38934  
  39319  39369  
  39783  39885  
  40279  40428  
  40673  40718  
  40818  40915  
  40918  41077  
  41117  41188  
  41466  41558  
  41786  41934  
  42426  42472  
  42941  43031  
  43431  43589  
  44036  44073  
  44231  44330  
  44553  44678  
  45151  45197  
  45491  45602  
  45961  46113  
  46444  46493  
  46565  46672  
  46769  46917  
  47334  47384  
  47541  47628  
  48011  48154  
  48650  48714  
  48870  48955  
  49064  49208  
  49254  49308  
  49765  49868  
  50194  50329  
  50366  50427  
  50493  50594  
  50642  50784  
  51258  51306  
  51795  51892  
  51895  52050  
  52350  52406  
  52883  52984  
  53023  53192  
  53196  53243  
  53587  53691  
  53772  53905  
  54284  54339  
  54443  54554  
  54836  54990  
  55359  55407  
  55435  55536  
  55950  56102  
  56434  56475  
  56900  56999  
  57111  57278  
  57548  57595  
  58004  58105  
  58539  58697  
  59118  59165  
  59373  59484  
  59775  59914  
  60118  60160  
  60462  60558  
  60971  61123  
  61150  61211  
  61403  61511  
  61874  62034  
  62295  62350  
  62408  62498  
  62699  62837  
  63121  63178  
  63328  63433  
  63554  63700  
  64141  64174  
  64352  64476  
  64692  64848  
  64922  64969  
  65362  65462  
  65662  65795  
  66279  66304  
  66501  66608  
  67032  67170  
  67278  67335  
  67762  67862  
  68031  68167  
  68202  68254  
  68280  68373  
  68762  68919  
  69247  69303  
  69311  69403  
  69486  69632  
  70044  70090  
  70310  70413  
  70898  71047  
  71189  71231  
  71289  71389  
  71728  71869  
  72233  72299  
  72537  72627  
  72763  72906  
  73189  73243  
  73349  73446  
  73696  73832  
  74199  74237  
  74500  74592  
  74871  75031  
  75127  75176  
  75617  75705  
  76112  76260  
  76357  76406  
  76549  76647  
  77082  77240  
  77609  77657  
  77963  78051  
  78539  78676  
  78932  78973  
  79316  79400  
  79477  79618  
  79774  79820  
  79903  80008  
  80021  80162  
  80213  80247  
  80314  80401  
  80436  80595  
  80873  80922  
  81244  81328  
  81384  81542  
  81923  81961  
  82044  82152  
  82591  82746  
  83089  83147  
  83551  83641  
  83960  84107  
  84546  84569  
  84597  84696  
  84835  84983  
  85167  85218  
  85604  85700  
  85951  86105  
  86236  86279  
  86568  86664  
  86667  86814  
  87007  87062  
  87157  87269  
  87426  87594  
  88068  88107  
  88320  88436  
  88759  88908  
  89326  89364  
  89728  89834  
  90065  90221  
  90289  90318  
  90557  90661  
  90701  90858  
  91181  91222  
  91327  91417  
  91474  91639  
  91992  92046  
  92082  92196  
  92409  92564  
  93044  93084  
  93119  93218  
  93525  93682  
  93891  93948  
  93994  94087  
  94148  94302  
  94620  94681  
  95014  95113  
  95597  95740  
  96157  96175  
  96391  96488  
  96928  97078  
  97150  97196  
  97520  97633  
  97865  98000  
  98008  98062  
  98091  98192  
  98255  98403  
  98532  98582  
  98767  98857  
  99069  99206  
  99299  99346  
  99780  99862  
  100018  100170  
  100311  100369  
  100786  100877  
  101063  101227  
  101695  101750  
  102180  102273  
  102519  102671  
  102673  102724  
  102915  103001  
  103204  103353  
  103835  103881  
  103971  104079  
  104521  104688  
  104919  104956  
  105321  105418  
  105618  105767  
  105917  105968  
  106277  106376  
  106587  106729  
  106946  106993  
  107404  107512  
  107709  107859  
  107917  107978  
  108386  108491  
  108509  108654  
  109020  109060  
  109514  109608  
  110056  110211  
  110343  110384  
  110453  110546  
  110844  110986  
  111067  111111  
  111411  111514  
  111829  111979  
  112450  112492  
  112587  112682  
  113170  113316  
  113385  113418  
  113719  113801  
  113910  114059  
  114325  114372  
  114858  114951  
  114988  115131  
  115614  115671  
  115720  115818  
  115992  116132  
  116382  116437  
  116813  116895  
  117172  117296  
  117752  117811  
  118276  118368  
  118572  118710  
  118752  118788  
  119054  119163  
  119438  119611  
  119981  120024  
  120210  120327  
  120487  120620  
  121059  121120  
  121567  121658  
  121973  122124  
  122187  122226  
  122684  122781  
  122914  123064  
  123526  123572  
  123686  123778  
  123995  124144  
  124489  124538  
  125028  125133  
  125282  125439  
  125590  125632  
  125684  125783  
  126040  126208  
  126514  126555  
  126905  127018  
  127474  127632  
  128120  128150  
  128617  128706  
  128878  129029  
  129156  129184  
  129594  129683  
  129989  130140  
  130467  130508  
  130966  131048  
  131348  131501  
  131774  131835  
  132272  132372  
  132835  132993  
  133459  133511  
  133937  134035  
  134463  134616  
  134985  135029  
  135306  135394  
  135660  135805  
  136047  136099  
  136120  136216  
  136675  136815  
  137084  137115  
  137342  137432  
  137562  137720  
  138135  138192  
  138644  138739  
  139073  139220  
  139671  139722  
  140145  140259  
  140369  140523  
  140619  140660  
  140957  141061  
  141537  141692  
  141963  142010  
  142250  142347  
  142392  142542  
  142901  142962  
  143263  143368  
  143836  143997  
  144126  144180  
  144438  144541  
  144867  145001  
  145003  145052  
  145229  145331  
  145400  145563  
  145676  145715  
  146119  146209  
  146706  146857  
  147271  147305  
  147310  147407  
  147835  147979  
  148264  148297  
  148609  148708  
  148925  149082  
  149309  149360  
  149858  149950  
  150411  150563  
  150909  150944  
  151124  151221  
  151640  151794  
  152010  152041  
  152493  152592  
  152660  152808  
  152911  152966  
  153339  153439  
  153665  153804  
  154195  154256  
  154259  154358  
  154559  154711  
  154784  154841  
  155061  155161  
  155334  155496  
  155690  155730  
  156150  156257  
  156706  156867  
  156964  157027  
  157141  157255  
  157267  157400  
  157545  157587  
  157593  157701  
  158038  158180  
  158476  158539  
  158696  158779  
  158910  159053  
  159273  159310  
  159442  159542  
  159738  159873  
  160082  160129  
  160155  160267  
  160499  160659  
  160786  160843  
  161109  161219  
  161375  161525  
  161591  161625  
  161777  161864  
  161919  162068  
  162395  162452  
  162595  162691  
  163177  163315  
  163375  163435  
  163632  163735  
  164224  164374  
  164654  164701  
  165089  165182  
  165563  165720  
  166048  166109  
  166249  166345  
  166405  166563  
  166630  166679  
  166832  166932  
  166990  167139  
  167178  167235  
  167565  167681  
  167869  168022  
  168155  168199  
  168202  168307  
  168314  168465  
  168960  169008  
  169135  169230  
  169510  169667  
  169711  169750  
  170209  170310  
  170754  170904  
  171126  171190  
  171629  171748  
  172040  172171  
  172244  172302  
  172515  172631  
  172923  173066  
  173108  173161  
  173304  173399  
  173422  173566  
  173686  173749  
  173821  173914  
  174115  174273  
  174772  174821  
  175003  175117  
  175195  175350  
  175752  175807  
  176291  176392  
  176474  176597  
  177068  177125  
  177214  177325  
  177341  177483  
  177540  177576  
  177888  177964  
  178010  178187  
  178548  178612  
  179064  179155  
  179615  179775  
  180121  180164  
  180396  180487  
  180909  181034  
  181271  181321  
  181688  181787  
  182279  182444  
  182633  182670  
  183126  183235  
  183545  183682  
  184101  184150  
  184359  184462  
  184469  184625  
  184638  184682  
  184965  185073  
  185280  185424  
  185852  185902  
  186157  186265  
  186748  186905  
  187266  187319  
  187641  187746  
  188019  188178  
  188209  188254  
  188314  188409  
  188454  188619  
  188804  188869  
  188965  189063  
  189166  189306  
  189655  189701  
  189733  189829  
  190077  190219  
  190317  190372  
  190594  190681  
  190907  191050  
  191107  191176  
  191374  191463  
  191617  191773  
  192055  192109  
  192505  192604  
  192690  192840  
  192973  193016  
  193130  193220  
  193555  193713  
  193738  193797  
  193818  193915  
  194158  194311  
  194408  194473  
  194900  195008  
  195026  195198  
  195308  195351  
  195831  195927  
  196318  196459  
  196771  196802  
  197156  197247  
  197743  197888  
  198118  198178  
  198334  198437  
  198893  199052  
  199515  199546  
  199823  199928  
  200225  200392  
  200819  200867  
  201311  201390  
  201435  201574  
  201937  201982  
  202419  202507  
  202893  203045  
  203240  203310  
  203729  203843  
  204221  204358  
  204787  204817  
  204903  205001  
  205470  205600  
  205786  205825  
  206011  206117  
  206510  206668  
  207067  207111  
  207510  207639  
  208009  208161  
  208164  208216  
  208296  208380  
  208690  208856  
  208866  208917  
  209282  209372  
  209756  209906  
  210349  210399  
  210450  210564  
  210811  210964  
  210970  211023  
  211126  211229  
  211393  211548  
  211883  211936  
  212104  212204  
  212210  212356  
  212576  212612  
  213099  213192  
  213429  213567  
  213781  213836  
  214046  214146  
  214503  214641  
  214691  214728  
  215174  215271  
  215441  215601  
  215974  216021  
  216465  216573  
  216769  216913  
  217111  217156  
  217469  217577  
  217620  217790  
  217826  217871  
  218358  218474  
  218763  218913  
  219363  219412  
  219831  219930  
  220070  220220  
  220240  220293  
  220623  220729  
  220846  220991  
  221469  221509  
  221881  221981  
  222252  222404  
  222620  222667  
  223013  223107  
  223139  223279  
  223776  223830  
  224050  224130  
  224219  224372  
  224419  224467  
  224580  224689  
  225081  225231  
  225548  225577  
  225587  225681  
  225825  225969  
  226278  226332  
  226655  226750  
  226924  227074  
  227265  227310  
  227671  227772  
  228141  228293  
  228658  228700  
  228899  228984  
  229132  229257  
  229384  229443  
  229777  229875  
  230264  230430  
  230853  230885  
  231331  231430  
  231558  231708  
  231903  231939  
  231945  232052  
  232335  232491  
  232743  232784  
  233076  233160  
  233597  233745  
  234154  234209  
  234242  234351  
  234625  234777  
  234901  234936  
  235382  235491  
  235523  235655  
  236122  236178  
  236235  236328  
  236686  236834  
  237008  237069  
  237159  237285  
  237720  237878  
  237937  238003  
  238048  238153  
  238259  238398  
  238625  238673  
  238801  238900  
  239179  239344  
  239368  239409  
  239823  239923  
  240411  240561  
  240805  240850  
  241112  241200  
  241475  241614  
  241731  241794  
  241801  241901  
  242371  242521  
  243017  243082  
  243471  243571  
  243669  243813  
  244301  244353  
  244804  244901  
  245365  245501  
  245948  245998  
  246357  246462  
  246477  246636  
  247063  247117  
  247466  247564  
  247762  247909  
  248090  248128  
  248234  248321  
  248774  248926  
  249047  249112  
  249255  249357  
  249643  249789  
  249796  249843  
  250202  250308  
  250515  250667  
  250903  250953  
  251202  251321  
  251344  251467  
  251952  252006  
  252258  252335  
  252488  252616  
  252692  252739  
  252946  253047  
  253386  253531  
  254001  254054  
  254179  254288  
  254613  254766  
  254937  254989  
  255315  255404  
  255877  256040  
  256332  256378  
  256850  256938  
  257265  257416  
  257470  257514  
  257587  257686  
  258147  258299  
  258326  258368  
  258698  258807  
  259116  259262  
  259361  259426  
  259439  259552  
  259948  260092  
  260133  260178  
  260236  260314  
  260387  260528  
  260619  260669  
  260916  261001  
  261300  261443  
  261574  261623  
  261756  261872  
  261965  262117  
  262251  262293  
  262355  262468  
  262747  262899  
  263083  263141  
  263386  263486  
  263604  263756  
  263957  263993  
  264258  264351  
  264768  264915  
  265133  265188  
  265391  265483  
  265838  265991  
  266316  266370  
  266482  266573  
  266771  266905  
  267387  267452  
  267838  267951  
  268424  268569  
  268855  268913  
  269315  269416  
  269510  269667  
  269978  270015  
  270370  270468  
  270961  271128  
  271560  271623  
  271624  271738  
  271880  272033  
  272462  272525  
  273007  273112  
  273605  273749  
  273761  273834  
  274053  274147  
  274161  274297  
  274543  274593  
  274837  274921  
  274954  275111  
  275505  275550  
  275609  275698  
  275770  275924  
  276058  276106  
  276174  276287  
  276357  276523  
  276994  277038  
  277533  277620  
  277973  278129  
  278582  278632  
  279064  279176  
  279226  279387  
  279388  279436  
  279623  279725  
  279811  279934  
  280308  280353  
  280693  280788  
  280941  281082  
  281504  281539  
  281725  281837  
  282257  282425  
  282831  282895  
  283279  283384  
  283426  283568  
  283669  283735  
  284025  284133  
  284554  284710  
  285146  285187  
  285206  285309  
  285653  285794  
  286081  286129  
  286545  286649  
  286805  286947  
  287107  287147  
  287258  287363  
  287681  287826  
  288055  288114  
  288404  288497  
  288516  288664  
  289073  289110  
  289164  289275  
  289439  289587  
  289678  289725  
  289981  290072  
  290441  290587  
  290731  290771  
  291100  291196  
  291411  291556  
  291846  291906  
  292056  292166  
  292446  292604  
  293100  293159  
  293430  293525  
  293963  294114  
  294118  294170  
  294367  294455  
  294582  294728  
  294990  295035  
  295230  295324  
  295525  295654  
  296005  296072  
  296133  296234  
  296439  296588  
  296759  296805  
  296937  297044  
  297286  297435  
  297438  297487  
  297696  297803  
  298090  298239  
  298685  298736  
  299125  299229  
  299685  299829  
  299985  300046  
  300051  300148  
  300637  300788  
  300978  301032  
  301493  301595  
  302071  302220  
  302567  302614  
  302807  302924  
  303081  303221  
  303623  303671  
  303761  303872  
  304233  304362  
  304710  304751  
  304911  305026  
  305129  305286  
  305303  305363  
  305559  305664  
  305681  305809  
  306154  306197  
  306243  306329  
  306385  306528  
  306557  306623  
  306672  306767  
  307079  307257  
  307344  307390  
  307652  307743  
  308140  308299  
  308460  308523  
  308694  308787  
  308792  308940  
  309039  309088  
  309548  309658  
  309825  309977  
  310052  310084  
  310252  310338  
  310804  310969  
  311177  311226  
  311347  311444  
  311829  311995  
  312077  312121  
  312502  312571  
  312850  313007  
  313378  313439  
  313575  313687  
  314099  314245  
  314607  314656  
  314785  314885  
  314990  315134  
  315248  315301  
  315302  315427  
  315864  316021  
  316466  316526  
  316617  316728  
  316935  317084  
  317387  317425  
  317696  317794  
  317893  318043  
  318188  318236  
  318555  318644  
  318958  319110  
  319182  319232  
  319586  319695  
  320087  320235  
  320349  320389  
  320422  320514  
  320636  320786  
  321073  321132  
  321192  321287  
  321604  321758  
  322090  322140  
  322430  322535  
  322563  322715  
  322751  322787  
  322836  322942  
  323361  323514  
  323898  323970  
  324303  324410  
  324894  325034  
  325302  325351  
  325539  325636  
  325699  325852  
  326287  326343  
  326540  326612  
  326625  326779  
  327269  327320  
  327573  327662  
  328104  328252  
  328524  328559  
  328965  329068  
  329499  329638  
  330038  330091  
  330310  330391  
  330422  330559  
  330709  330751  
  330885  330976  
  331019  331170  
  331668  331691  
  331792  331887  
  332197  332325  
  332705  332762  
  333137  333241  
  333583  333753  
  334162  334200  
  334290  334385  
  334727  334872  
  335245  335314  
  335447  335559  
  335610  335767  
  336212  336268  
  336353  336458  
  336474  336633  
  337066  337125  
  337203  337313  
  337471  337643  
  337975  338031  
  338055  338171  
  338264  338420  
  338768  338810  
  339224  339312  
  339560  339739  
  340114  340157  
  340576  340688  
  340841  340997  
  341062  341097  
  341139  341242  
  341732  341868  
  342100  342161  
  342566  342663  
  342968  343117  
  343250  343319  
  343558  343659  
  343906  344053  
  344393  344428  
  344813  344902  
  345344  345476  
  345712  345757  
  346078  346171  
  346275  346413  
  346468  346525  
  347019  347105  
  347405  347563  
  347924  347979  
  348350  348449  
  348556  348686  
  349169  349234  
  349342  349436  
  349586  349736  
  349860  349906  
  350219  350317  
  350435  350580  
  350844  350897  
  351292  351397  
  351547  351701  
  351929  351971  
  352448  352565  
  352776  352925  
  353394  353444  
  353544  353639  
  353685  353843  
  354151  354211  
  354575  354688  
  355145  355299  
  355424  355464  
  355632  355738  
  355902  356069  
  356156  356207  
  356670  356787  
  356883  357019  
  357078  357135  
  357210  357314  
  357701  357848  
  358138  358181  
  358403  358506  
  358644  358779  
  359095  359167  
  359524  359620  
  359649  359798  
  359928  359983  
  360395  360505  
  360649  360813  
  361001  361052  
  361160  361270  
  361751  361912  
  362318  362371  
  362480  362591  
  363034  363177  
  363316  363370  
  363773  363882  
  364144  364292  
  364425  364487  
  364871  364973  
  365306  365439  
  365589  365635  
  365732  365839  
  366198  366362  
  366849  366900  
  367203  367308  
  367332  367473  
  367825  367876  
  368164  368258  
  368561  368710  
  369013  369068  
  369389  369485  
  369857  370031  
  370515  370561  
  371002  371103  
  371151  371293  
  371319  371358  
  371670  371773  
  372187  372332  
  372793  372829  
  373057  373146  
  373321  373461  
  373643  373684  
  374015  374110  
  374462  374630  
  374749  374797  
  374935  375020  
  375351  375499  
  375714  375769  
  376243  376337  
  376363  376519  
  376888  376940  
  377165  377265  
  377478  377626  
  378112  378142  
  378593  378687  
  378703  378827  
  379055  379103  
  379417  379514  
  379924  380084  
  380171  380218  
  380529  380608  
  380991  381153  
  381268  381331  
  381670  381782  
  381810  381964  
  382126  382180  
  382469  382561  
  382809  382977  
  383194  383256  
  383617  383722  
  383808  383954  
  384357  384406  
  384458  384564  
  384948  385105  
  385268  385318  
  385571  385679  
  386024  386167  
  386646  386705  
  387013  387124  
  387452  387593  
  388048  388105  
  388108  388205  
  388505  388662  
  389155  389192  
  389256  389327  
  389802  389952  
  390373  390415  
  390568  390658  
  391098  391246  
  391550  391598  
  391976  392068  
  392443  392594  
  392664  392710  
  392808  392888  
  392905  393055  
  393285  393328  
  393724  393806  
  394027  394176  
  394292  394324  
  394796  394879  
  395281  395410  
  395698  395765  
  396022  396108  
  396480  396602  
  396978  397035  
  397494  397587  
  398046  398183  
  398390  398442  
  398551  398641  
  398812  398979  
  399439  399479  
  399867  399951  
  400223  400379  
  400401  400436  
  400654  400767  
  400913  401083  
  401218  401270  
  401575  401692  
  402018  402172  
  402500  402543  
  402774  402868  
  403120  403278  
  403392  403434  
  403449  403552  
  403675  403835  
  404218  404267  
  404471  404568  
  405057  405203  
  405213  405264  
  405656  405758  
  406044  406181  
  406511  406555  
  406960  407067  
  407561  407728  
  407780  407826  
  408299  408406  
  408421  408581  
  408890  408929  
  409185  409277  
  409472  409621  
  409859  409920  
  410256  410353  
  410740  410889  
  411020  411078  
  411427  411529  
  411671  411816  
  412315  412365  
  412822  412917  
  413189  413344  
  413818  413876  
  414176  414286  
  414532  414668  
  414988  415033  
  415351  415458  
  415898  416038  
  416276  416312  
  416803  416925  
  417076  417237  
  417723  417786  
  417789  417903  
  417998  418162  
  418530  418573  
  418985  419062  
  419464  419599  
  420023  420063  
  420480  420559  
  420935  421068  
  421260  421314  
  421708  421799  
  422249  422395  
  422593  422629  
  422643  422740  
  423049  423187  
  423226  423274  
  423524  423619  
  423664  423811  
  424140  424200  
  424650  424754  
  425021  425188  
  425406  425454  
  425648  425743  
  425890  426036  
  426154  426189  
  426352  426464  
  426923  427067  
  427101  427148  
  427469  427571  
  427792  427949  
  428395  428435  
  428918  429015  
  429451  429599  
  429821  429866  
  430219  430320  
  430632  430772  
  430865  430921  
  431168  431257  
  431480  431624  
  432012  432067  
  432101  432196  
  432592  432754  
  432779  432807  
  432919  433016  
  433054  433203  
  433448  433488  
  433821  433921  
  434224  434374  
  434454  434505  
  434600  434688  
  435028  435176  
  435497  435541  
  435646  435736  
  436026  436170  
  436227  436277  
  436506  436617  
  436915  437056  
  437305  437360  
  437451  437565  
  437973  438131  
  438392  438440  
  438508  438611  
  438680  438846  
  439131  439182  
  439488  439586  
  439595  439729  
  440040  440085  
  440141  440242  
  440724  440861  
  441312  441358  
  441592  441704  
  442092  442258  
  442551  442612  
  442751  442853  
  443099  443258  
  443312  443387  
  443639  443743  
  444219  444382  
  444850  444912  
  445275  445381  
  445611  445756  
  445874  445923  
  446275  446388  
  446839  446978  
  447168  447221  
  447395  447495  
  447698  447858  
  448324  448383  
  448475  448559  
  448794  448928  
  448929  448972  
  449037  449152  
  449553  449692  
  450024  450075  
  450188  450279  
  450393  450537  
  451012  451050  
  451295  451403  
  451738  451902  
  452355  452401  
  452842  452936  
  453409  453557  
  453762  453817  
  454098  454181  
  454413  454577  
  454662  454723  
  455145  455238  
  455479  455627  
  455709  455769  
  456156  456248  
  456383  456529  
  456722  456783  
  456957  457046  
  457242  457366  
  457734  457784  
  458178  458278  
  458371  458517  
  458520  458572  
  458645  458753  
  459056  459200  
  459338  459379  
  459429  459527  
  459795  459936  
  460162  460218  
  460453  460567  
  461002  461156  
  461596  461666  
  462054  462157  
  462480  462627  
  463013  463059  
  463274  463374  
  463511  463665  
  463876  463927  
  463944  464037  
  464242  464378  
  464842  464868  
  464874  464972  
  465293  465444  
  465524  465565  
  465953  466050  
  466430  466596  
  466988  467044  
  467067  467162  
  467295  467430  
  467917  467976  
  468199  468297  
  468336  468487  
  468779  468835  
  469089  469185  
  469612  469774  
  469949  469991  
  470305  470405  
  470832  470990  
  471241  471295  
  471566  471678  
  472150  472291  
  472778  472833  
  473088  473172  
  473293  473444  
  473735  473788  
  473960  474048  
  474271  474424  
  474521  474565  
  474785  474902  
  475114  475278  
  475720  475771  
  476105  476209  
  476335  476485  
  476775  476832  
  477192  477281  
  477333  477493  
  477504  477560  
  478007  478104  
  478403  478553  
  478869  478931  
  479127  479220  
  479701  479866  
  479975  480019  
  480479  480565  
  480706  480848  
  481269  481320  
  481436  481531  
  481761  481895  
  481920  481982  
  482297  482409  
  482850  482986  
  483350  483382  
  483467  483573  
  483888  484034  
  484373  484416  
  484806  484905  
  484993  485134  
  485503  485556  
  485603  485697  
  486014  486156  
  486286  486313  
  486596  486695  
  487121  487282  
  487298  487342  
  487661  487776  
  488234  488363  
  488626  488688  
  488894  488970  
  488994  489147  
  489570  489617  
  489679  489776  
  489846  489991  
  490301  490330  
  490674  490772  
  490932  491091  
  491179  491237  
  491458  491565  
  491920  492065  
  492430  492481  
  492914  493023  
  493161  493302  
  493798  493846  
  494284  494380  
  494655  494805  
  494839  494879  
  495087  495178  
  495351  495493  
  495838  495896  
  496205  496302  
  496383  496531  
  497015  497071  
  497375  497471  
  497683  497834  
  498138  498195  
  498284  498401  
  498824  498968  
  499309  499343  
  499606  499711  
  500202  500342  
  500703  500750  
  501057  501146  
  501492  501646  
  502126  502179  
  502367  502465  
  502647  502774  
  503131  503183  
  503250  503362  
  503391  503550  
  503780  503829  
  504079  504169  
  504653  504793  
  505171  505235  
  505554  505643  
  505690  505834  
  506261  506319  
  506777  506855  
  507260  507411  
  507605  507648  
  508054  508153  
  508503  508647  
  508961  509011  
  509480  509587  
  509773  509914  
  510323  510396  
  510576  510683  
  511081  511231  
  511478  511524  
  511543  511655  
  511864  512027  
  512295  512356  
  512358  512449  
  512931  513078  
  513295  513357  
  513753  513851  
  514067  514211  
  514482  514535  
  514545  514644  
  514691  514826  
  515099  515146  
  515636  515747  
  516141  516287  
  516548  516588  
  516926  517029  
  517286  517441  
  517828  517869  
  518292  518404  
  518642  518791  
  519157  519222  
  519325  519419  
  519803  519964  
  520153  520197  
  520640  520729  
  521053  521167  
  521421  521468  
  521678  521785  
  522103  522253  
  522285  522323  
  522796  522887  
  523164  523323  
  523326  523370  
  523834  523920  
  524041  524178  
  524503  524559  
  524915  525022  
  525449  525616  
  525716  525756  
  526207  526311  
  526490  526624  
  526721  526779  
  527091  527179  
  527622  527763  
  528113  528166  
  528412  528511  
  528687  528821  
  528996  529053  
  529429  529535  
  529771  529922  
  530129  530166  
  530524  530637  
  531025  531165  
  531510  531541  
  531792  531895  
  532043  532203  
  532227  532275  
  532612  532702  
  532942  533106  
  533261  533314  
  533530  533623  
  534117  534277  
  534504  534554  
  534762  534859  
  535160  535319  
  535359  535415  
  535897  535985  
  536007  536153  
  536553  536608  
  536787  536868  
  537084  537217  
  537405  537445  
  537890  537994  
  538452  538592  
  538616  538676  
  539098  539210  
  539332  539472  
  539933  539974  
  540471  540550  
  540594  540747  
  540968  541039  
  541150  541254  
  541270  541435  
  541749  541794  
  542123  542226  
  542516  542659  
  542880  542949  
  543113  543212  
  543631  543775  
  544075  544113  
  544210  544293  
  544587  544736  
  545025  545046  
  545188  545278  
  545322  545457  
  545661  545717  
  545791  545881  
  546090  546244  
  546273  546325  
  546554  546649  
  546690  546841  
  547123  547179  
  547527  547635  
  547656  547795  
  547902  547956  
  548246  548349  
  548667  548822  
  548884  548945  
  549415  549523  
  549902  550053  
  550149  550199  
  550288  550419  
  550874  551022  
  551137  551191  
  551492  551583  
  551950  552107  
  552455  552510  
  552827  552937  
  553104  553263  
  553299  553339  
  553615  553723  
  553962  554109  
  554153  554206  
  554358  554457  
  554847  555003  
  555185  555206  
  555241  555322  
  555782  555943  
  556053  556114  
  556260  556369  
  556419  556571  
  556979  557036  
  557428  557541  
  557784  557941  
  557971  558023  
  558217  558304  
  558788  558945  
  559190  559246  
  559674  559774  
  559966  560125  
  560522  560587  
  561036  561132  
  561279  561445  
  561544  561596  
  562064  562162  
  562408  562549  
  562630  562662  
  562924  563030  
  563300  563465  
  563515  563575  
  563821  563912  
  564281  564438  
  564441  564510  
  564916  565018  
  565118  565280  
  565592  565634  
  565832  565922  
  566230  566387  
  566863  566925  
  567181  567266  
  567609  567766  
  567777  567826  
  568240  568338  
  568529  568680  
  568712  568770  
  568867  568981  
  569176  569332  
  569634  569681  
  570007  570114  
  570194  570339  
  570703  570763  
  571210  571300  
  571445  571589  
  571967  572021  
  572439  572529  
  572692  572843  
  573246  573289  
  573713  573823  
  574146  574298  
  574368  574419  
  574794  574892  
  575157  575299  
  575307  575369  
  575652  575751  
  576070  576207  
  576442  576494  
  576593  576692  
  577123  577272  
  577643  577691  
  578121  578214  
  578532  578686  
  578894  578953  
  579051  579131  
  579567  579725  
  579808  579870  
  580021  580138  
  580345  580504  
  580799  580860  
  581347  581457  
  581764  581894  
  582240  582291  
  582433  582539  
  582927  583090  
  583271  583311  
  583784  583877  
  584367  584502  
  584651  584678  
  585019  585122  
  585602  585758  
  586193  586240  
  586516  586621  
  587045  587196  
  587296  587331  
  587552  587645  
  587920  588077  
  588516  588580  
  589040  589140  
  589575  589703  
  590115  590170  
  590435  590519  
  590911  591040  
  591226  591281  
  591282  591377  
  591654  591802  
  592110  592166  
  592641  592727  
  592928  593071  
  593548  593595  
  593844  593930  
  594275  594420  
  594734  594793  
  594831  594919  
  595219  595372  
  595732  595779  
  596191  596298  
  596727  596890  
  596986  597023  
  597327  597445  
  597686  597833  
  597881  597943  
  598057  598148  
  598256  598402  
  598898  598944  
  599345  599439  
  599826  599970  
  600203  600244  
  600627  600715  
  601089  601240  
  601599  601650  
  601692  601784  
  602078  602227  
  602279  602335  
  602429  602525  
  602921  603071  
  603569  603622  
  603988  604088  
  604415  604574  
  604966  605034  
  605212  605320  
  605636  605782  
  606066  606111  
  606323  606434  
  606469  606623  
  606940  607005  
  607414  607510  
  607912  608062  
  608420  608467  
  608846  608925  
  609275  609421  
  609740  609784  
  609805  609910  
  610368  610528  
  610607  610658  
  610970  611071  
  611539  611688  
  611700  611752  
  612109  612216  
  612609  612748  
  613045  613100  
  613511  613602  
  613644  613800  
  614278  614321  
  614590  614713  
  614832  614987  
  615314  615352  
  615668  615782  
  615913  616077  
  616438  616504  
  616792  616875  
  616877  617025  
  617104  617148  
  617155  617251  
  617485  617621  
  618012  618061  
  618480  618566  
  618841  618991  
  619259  619316  
  619698  619793  
  619990  620138  
  620302  620364  
  620474  620547  
  621023  621176  
  621640  621691  
  621706  621797  
  622268  622411  
  622766  622801  
  623212  623297  
  623474  623623  
  624096  624149  
  624214  624309  
  624725  624895  
  625002  625059  
  625406  625509  
  625761  625915  
  626236  626284  
  626644  626733  
  626842  626985  
  627050  627097  
  627313  627416  
  627495  627629  
  627778  627827  
  627903  628002  
  628242  628399  
  628719  628776  
  629263  629361  
  629408  629549  
  629793  629836  
  630067  630166  
  630610  630761  
  630980  631031  
  631259  631361  
  631650  631801  
  631911  631973  
  632331  632420  
  632849  632995  
  633132  633165  
  633628  633722  
  634101  634236  
  634565  634610  
  635047  635132  
  635465  635610  
  636035  636078  
  636471  636571  
  636821  636971  
  637239  637269  
  637683  637787  
  638182  638325  
  638351  638392  
  638887  639006  
  639398  639562  
  640046  640101  
  640427  640517  
  640622  640770  
  641034  641082  
  641461  641577  
  641704  641847  
  642297  642343  
  642561  642656  
  642666  642815  
  643085  643128  
  643160  643261  
  643549  643695  
  644181  644236  
  644304  644397  
  644722  644860  
  645335  645404  
  645624  645706  
  645736  645893  
  646381  646444  
  646810  646895  
  647176  647318  
  647702  647762  
  647885  647995  
  648225  648366  
  648759  648799  
  649137  649219  
  649522  649675  
  650071  650118  
  650444  650551  
  650837  650986  
  651399  651449  
  651865  651968  
  652257  652412  
  652595  652644  
  653053  653175  
  653552  653705  
  653972  654011  
  654292  654405  
  654666  654804  
  655203  655255  
  655257  655371  
  655624  655782  
  655798  655844  
  656104  656200  
  656654  656793  
  657050  657108  
  657171  657275  
  657482  657634  
  657654  657691  
  658122  658226  
  658659  658813  
  659117  659176  
  659406  659488  
  659918  660078  
  660507  660567  
  660823  660940  
  661196  661342  
  661383  661429  
  661533  661633  
  662095  662238  
  662359  662396  
  662572  662674  
  662687  662852  
  663309  663360  
  663656  663737  
  663764  663918  
  664234  664290  
  664539  664654  
  664806  664944  
  665056  665109  
  665167  665276  
  665332  665487  
  665827  665883  
  666354  666443  
  666902  667045  
  667479  667543  
  667884  667982  
  668383  668533  
  668998  669042  
  669265  669355  
  669730  669888  
  670172  670218  
  670677  670779  
  671047  671198  
  671283  671325  
  671518  671622  
  671775  671946  
  672341  672369  
  672371  672476  
  672910  673057  
  673392  673436  
  673704  673819  
  674096  674234  
  674613  674667  
  674893  674991  
  675423  675567  
  675718  675756  
  676200  676280  
  676585  676724  
  677001  677047  
  677483  677565  
  677983  678135  
  678622  678691  
  678922  679032  
  679474  679610  
  679755  679809  
  680231  680349  
  680486  680647  
  680761  680818  
  681046  681150  
  681614  681742  
  681877  681933  
  682277  682376  
  682679  682832  
  683134  683176  
  683412  683508  
  683822  683958  
  684026  684069  
  684208  684317  
  684660  684801  
  684960  685014  
  685227  685352  
  685638  685786  
  686132  686193  
  686633  686745  
  686911  687070  
  687295  687344  
  687484  687594  
  687661  687815  
  688070  688113  
  688531  688632  
  688786  688930  
  689141  689197  
  689394  689490  
  689504  689657  
  690019  690053  
  690324  690427  
  690759  690915  
  691088  691151  
  691550  691642  
  692008  692144  
  692318  692379  
  692698  692794  
  693043  693185  
  693359  693390  
  693451  693555  
  693747  693895  
  694065  694116  
  694148  694245  
  694712  694869  
  695154  695218  
  695607  695710  
  696068  696219  
  696241  696295  
  696695  696797  
  696971  697117  
  697425  697476  
  697867  697997  
  697998  698117  
  698245  698289  
  698507  698603  
  699038  699193  
  699205  699252  
  699699  699814  
  699895  700048  
  700211  700263  
  700616  700713  
  701083  701241  
  701334  701389  
  701659  701758  
  701838  701997  
  702353  702390  
  702697  702814  
  703159  703296  
  703463  703522  
  703749  703846  
  704186  704339  
  704351  704406  
  704643  704748  
  705140  705294  
  705304  705373  
  705473  705559  
  705962  706120  
  706486  706526  
  706814  706911  
  707265  707425  
  707908  707963  
  708155  708260  
  708475  708624  
  708781  708824  
  709130  709226  
  709582  709735  
  709801  709852  
  710293  710405  
  710579  710726  
  711143  711198  
  711199  711300  
  711475  711615  
  711628  711677  
  711928  712039  
  712493  712652  
  712970  713020  
  713264  713365  
  713798  713953  
  714098  714143  
  714169  714267  
  714451  714600  
  714735  714773  
  714919  715016  
  715060  715199  
  715593  715630  
  715807  715886  
  715953  716099  
  716523  716560  
  716933  717034  
  717243  717388  
  717482  717537  
  717782  717883  
  718146  718304  
  718458  718500  
  718994  719103  
  719544  719703  
  719890  719950  
  720075  720176  
  720297  720464  
  720960  721017  
  721136  721239  
  721421  721565  
  721642  721711  
  721939  722035  
  722406  722565  
  722801  722839  
  723102  723206  
  723704  723884  
  723923  723979  
  724127  724233  
  724658  724824  
  725053  725101  
  725393  725491  
  725723  725872  
  726139  726175  
  726301  726416  
  726817  726973  
  727088  727121  
  727444  727548  
  727994  728148  
  728404  728455  
  728934  729044  
  729085  729256  
  729546  729575  
  729802  729890  
  730101  730270  
  730535  730591  
  730694  730812  
  731197  731348  
  731425  731490  
  731687  731786  
  732093  732245  
  732467  732521  
  732549  732637  
  732904  733049  
  733420  733461  
  733757  733852  
  734167  734306  
  734421  734469  
  734892  734989  
  734993  735128  
  735149  735197  
  735320  735406  
  735711  735862  
  736184  736236  
  736557  736660  
  737148  737304  
  737739  737776  
  737832  737928  
  738025  738175  
  738628  738682  
  738866  738958  
  739231  739375  
  739843  739892  
  740063  740168  
  740194  740340  
  740482  740531  
  740634  740737  
  741174  741337  
  741642  741710  
  742068  742187  
  742666  742817  
  743147  743207  
  743365  743454  
  743898  744037  
  744342  744396  
  744508  744601  
  744856  745010  
  745284  745335  
  745676  745753  
  745867  746011  
  746299  746351  
  746352  746442  
  746461  746603  
  746878  746931  
  747357  747459  
  747688  747827  
  748297  748348  
  748664  748765  
  749132  749283  
  749595  749651  
  750048  750143  
  750228  750392  
  750480  750511  
  750817  750907  
  750912  751055  
  751425  751475  
  751563  751682  
  751710  751863  
  752084  752138  
  752252  752333  
  752525  752668  
  752733  752783  
  752985  753082  
  753563  753712  
  753800  753853  
  753928  754024  
  754419  754569  
  754884  754949  
  755252  755356  
  755422  755569  
  755844  755904  
  756018  756125  
  756212  756360  
  756722  756772  
  756803  756896  
  757208  757348  
  757532  757591  
  757991  758097  
  758136  758306  
  758430  758482  
  758539  758608  
  759081  759223  
  759719  759791  
  759987  760086  
  760399  760574  
  760791  760834  
  761194  761300  
  761617  761759  
  761842  761903  
  762381  762480  
  762578  762723  
  762836  762884  
  763354  763454  
  763832  763988  
  764083  764129  
  764176  764273  
  764442  764586  
  764674  764724  
  765158  765245  
  765367  765505  
  765623  765678  
  766044  766148  
  766303  766450  
  766730  766792  
  766980  767079  
  767460  767615  
  767844  767887  
  768222  768320  
  768727  768881  
  768979  769024  
  769275  769365  
  769619  769773  
  770075  770115  
  770387  770489  
  770807  770948  
  771044  771089  
  771111  771206  
  771351  771500  
  771849  771911  
  771981  772083  
  772096  772247  
  772640  772690  
  772956  773060  
  773116  773262  
  773510  773557  
  773759  773863  
  774241  774385  
  774777  774827  
  775229  775339  
  775791  775923  
  776367  776426  
  776494  776589  
  776950  777104  
  777403  777458  
  777669  777771  
  778266  778421  
  778569  778612  
  779023  779120  
  779277  779425  
  779728  779781  
  779936  780018  
  780413  780560  
  780773  780837  
  780843  780953  
  781425  781560  
  781803  781864  
  782351  782441  
  782633  782773  
  783013  783062  
  783368  783458  
  783537  783690  
  784075  784135  
  784314  784434  
  784835  784984  
  785348  785398  
  785765  785869  
  786358  786506  
  786692  786733  
  787004  787117  
  787441  787562  
  787645  787687  
  788047  788131  
  788570  788727  
  788890  788929  
  789188  789292  
  789778  789920  
  790325  790377  
  790809  790890  
  791183  791339  
  791616  791687  
  792098  792198  
  792584  792715  
  793072  793103  
  793362  793461  
  793895  794027  
  794081  794129  
  794322  794411  
  794443  794600  
  794878  794913  
  795283  795385  
  795854  796023  
  796231  796274  
  796619  796697  
  796962  797098  
  797121  797173  
  797639  797756  
  798039  798182  
  798390  798431  
  798815  798921  
  799238  799396  
  799659  799707  
  800090  800196  
  800662  800823  
  801038  801089  
  801192  801267  
  801395  801556  
  801855  801906  
  802198  802303  
  802515  802658  
  802997  803051  
  803361  803457  
  803909  804057  
  804161  804211  
  804474  804581  
  804659  804839  
  804986  805017  
  805318  805410  
  805512  805659  
  805834  805884  
  806059  806165  
  806203  806343  
  806631  806672  
  807085  807175  
  807196  807338  
  807769  807812  
  808227  808333  
  808416  808556  
  808848  808903  
  808977  809081  
  809517  809661  
  810079  810119  
  810257  810354  
  810732  810871  
  811025  811061  
  811542  811644  
  811662  811815  
  812060  812111  
  812186  812282  
  812755  812906  
  812930  812971  
  813008  813110  
  813255  813408  
  813445  813483  
  813800  813899  
  814311  814465  
  814906  814951  
  815384  815494  
  815642  815794  
  815858  815912  
  816100  816205  
  816515  816646  
  817102  817155  
  817546  817625  
  817853  817998  
  818359  818403  
  818582  818674  
  818686  818829  
  819206  819260  
  819638  819721  
  819852  820007  
  820026  820075  
  820494  820579  
  820732  820883  
  821110  821154  
  821379  821483  
  821700  821835  
  822158  822205  
  822393  822487  
  822692  822829  
  823209  823264  
  823649  823765  
  823850  824007  
  824282  824328  
  824635  824736  
  824986  825150  
  825203  825258  
  825367  825478  
  825682  825829  
  825915  825975  
  826081  826169  
  826280  826437  
  826673  826724  
  826921  827024  
  827211  827361  
  827728  827775  
  827973  828082  
  828197  828362  
  828381  828456  
  828821  828938  
  829137  829290  
  829446  829494  
  829501  829591  
  829731  829892  
  829907  829950  
  830431  830521  
  831011  831141  
  831592  831658  
  831920  832024  
  832237  832389  
  832602  832649  
  832862  832967  
  833104  833252  
  833570  833608  
  833868  833975  
  834032  834159  
  834625  834678  
  834940  835020  
  835458  835619  
  835699  835768  
  835953  836043  
  836095  836245  
  836513  836568  
  837000  837111  
  837558  837710  
  837852  837904  
  837953  838048  
  838384  838533  
  838765  838804  
  838846  838932  
  839038  839198  
  839487  839541  
  839895  839994  
  840291  840440  
  840446  840512  
  840645  840748  
  840832  840980  
  841245  841291  
  841449  841546  
  841622  841788  
  842174  842228  
  842603  842690  
  843062  843192  
  843570  843609  
  843793  843890  
  844261  844402  
  844479  844528  
  844903  845003  
  845397  845556  
  845729  845783  
  845885  845980  
  846009  846153  
  846260  846309  
  846562  846675  
  846893  847019  
  847027  847069  
  847407  847504  
  847966  848114  
  848368  848422  
  848705  848821  
  849080  849228  
  849620  849678  
  849818  849924  
  850067  850222  
  850499  850559  
  850907  851007  
  851122  851263  
  851591  851634  
  852072  852183  
  852644  852796  
  853286  853331  
  853681  853760  
  854038  854198  
  854666  854731  
  855189  855276  
  855346  855494  
  855522  855570  
  855991  856084  
  856259  856419  
  856559  856611  
  856953  857048  
  857345  857498  
  857517  857557  
  857715  857814  
  858096  858238  
  858443  858501  
  858627  858727  
  858969  859120  
  859407  859458  
  859594  859699  
  860008  860167  
  860299  860346  
  860553  860645  
  860648  860816  
  861026  861076  
  861368  861471  
  861700  861836  
  862013  862060  
  862474  862582  
  862687  862833  
  863172  863211  
  863443  863540  
  863649  863789  
  864091  864153  
  864505  864584  
  864869  865019  
  865239  865289  
  865500  865586  
  865706  865837  
  866220  866277  
  866722  866802  
  867027  867184  
  867582  867633  
  867670  867791  
  868041  868180  
  868279  868320  
  868341  868435  
  868563  868714  
  869088  869157  
  869172  869267  
  869541  869683  
  869784  869818  
  870079  870167  
  870586  870757  
  871100  871142  
  871325  871433  
  871800  871940  
  872209  872263  
  872644  872768  
  873044  873191  
  873559  873600  
  873726  873831  
  873860  873991  
  874240  874300  
  874447  874554  
  874890  875034  
  875319  875366  
  875777  875885  
  876367  876524  
  876543  876570  
  877068  877180  
  877488  877648  
  877776  877846  
  878079  878164  
  878623  878765  
  879054  879093  
  879516  879609  
  879799  879947  
  880204  880248  
  880724  880819  
  880917  881075  
  881209  881250  
  881699  881800  
  882171  882302  
  882779  882822  
  882835  882932  
  883339  883496  
  883822  883873  
  884200  884298  
  884589  884725  
  885106  885168  
  885334  885429  
  885560  885732  
  885911  885961  
  886130  886226  
  886393  886541  
  886866  886930  
  887226  887309  
  887741  887910  
  888031  888081  
  888557  888659  
  888750  888906  
  889139  889197  
  889403  889511  
  889737  889875  
  890242  890269  
  890625  890723  
  891140  891305  
  891411  891454  
  891463  891575  
  891973  892109  
  892398  892448  
  892758  892852  
  893030  893179  
  893678  893735  
  893795  893890  
  894355  894497  
  894863  894913  
  895394  895494  
  895686  895834  
  895950  895988  
  896298  896394  
  896506  896656  
  896778  896832  
  896995  897071  
  897169  897325  
  897441  897490  
  897969  898095  
  898190  898340  
  898649  898699  
  898854  898945  
  899048  899211  
  899217  899277  
  899672  899764  
  899927  900073  
  900327  900377  
  900714  900820  
  900921  901075  
  901233  901282  
  901559  901653  
  902085  902240  
  902388  902431  
  902450  902564  
  902869  903019  
  903171  903207  
  903563  903660  
  903929  904071  
  904384  904458  
  904504  904612  
  904883  905025  
  905155  905214  
  905588  905689  
  906121  906277  
  906363  906409  
  906431  906526  
  906975  907121  
  907455  907507  
  907780  907869  
  908048  908218  
  908234  908282  
  908661  908765  
  908772  908917  
  909145  909194  
  909634  909733  
  910174  910306  
  910564  910614  
  911075  911181  
  911269  911388  
  911885  911934  
  912335  912435  
  912449  912596  
  912776  912806  
  913165  913271  
  913379  913536  
  913751  913801  
  914102  914201  
  914380  914535  
  915011  915051  
  915158  915254  
  915716  915867  
  916250  916283  
  916585  916671  
  917062  917190  
  917680  917724  
  918055  918156  
  918611  918763  
  918834  918888  
  919213  919312  
  919407  919560  
  919825  919875  
  919976  920082  
  920364  920494  
  920969  920997  
  921302  921392  
  921858  922001  
  922291  922333  
  922689  922789  
  923171  923312  
  923420  923460  
  923484  923585  
  923936  924093  
  924238  924285  
  924575  924692  
  924719  924867  
  924943  924974  
  925408  925494  
  925878  926018  
  926113  926172  
  926498  926622  
  926877  927032  
  927414  927461  
  927905  928006  
  928493  928636  
  928697  928737  
  929236  929360  
  929709  929852  
  929986  930019  
  930071  930179  
  930626  930777  
  930944  930985  
  931449  931542  
  931548  931693  
  932117  932175  
  932557  932667  
  932822  932964  
  933057  933112  
  933206  933309  
  933669  933812  
  934193  934242  
  934303  934401  
  934777  934928  
  935301  935344  
  935419  935525  
  935806  935949  
  935960  936022  
  936460  936561  
  936818  936978  
  937067  937119  
  937208  937303  
  937489  937646  
  938086  938156  
  938261  938345  
  938574  938711  
  938774  938802  
  938885  939001  
  939089  939226  
  939397  939451  
  939552  939661  
  940125  940267  
  940443  940500  
  940617  940730  
  940924  941068  
  941354  941408  
  941626  941714  
  942009  942150  
  942296  942339  
  942487  942591  
  942811  942958  
  943050  943126  
  943540  943645  
  943901  944057  
  944119  944161  
  944282  944387  
  944839  944995  
  945484  945541  
  945793  945891  
  946368  946498  
  946927  946964  
  947275  947363  
  947521  947676  
  948042  948081  
  948329  948434  
  948524  948670  
  949070  949125  
  949554  949649  
  949920  950066  
  950253  950308  
  950522  950616  
  950715  950862  
  951131  951192  
  951678  951763  
  951965  952092  
  952579  952632  
  953054  953175  
  953614  953766  
  954229  954276  
  954346  954445  
  954537  954709  
  954923  954969  
  955391  955495  
  955971  956122  
  956264  956307  
  956450  956545  
  956994  957151  
  957418  957457  
  957690  957788  
  958267  958407  
  958486  958533  
  958989  959078  
  959320  959470  
  959815  959846  
  960023  960131  
  960197  960327  
  960328  960374  
  960552  960644  
  960997  961150  
  961153  961196  
  961354  961464  
  961616  961778  
  962021  962074  
  962365  962454  
  962485  962638  
  962993  963045  
  963165  963246  
  963336  963465  
  963816  963866  
  964055  964156  
  964207  964352  
  964630  964671  
  964755  964850  
  965308  965462  
  965763  965812  
  966072  966160  
  966522  966678  
  966742  966784  
  967057  967147  
  967383  967527  
  967978  968040  
  968128  968207  
  968702  968857  
  969299  969340  
  969651  969746  
  970068  970217  
  970243  970299  
  970790  970882  
  971242  971401  
  971716  971770  
  972170  972268  
  972379  972538  
  972743  972789  
  972932  973043  
  973201  973358  
  973452  973505  
  973870  973965  
  973976  974123  
  974190  974234  
  974694  974787  
  975073  975223  
  975473  975517  
  975774  975864  
  975924  976061  
  976301  976340  
  976632  976715  
  977089  977236  
  977714  977763  
  978195  978284  
  978326  978491  
  978916  978994  
  979364  979457  
  979686  979845  
  980334  980384  
  980826  980938  
  981248  981371  
  981487  981542  
  981612  981704  
  982185  982338  
  982721  982761  
  983220  983323  
  983601  983757  
  984231  984284  
  984709  984811  
  985004  985148  
  985556  985612  
  985777  985876  
  986314  986474  
  986624  986693  
  986923  987031  
  987322  987456  
  987799  987850  
  988150  988244  
  988390  988545  
  988850  988914  
  989316  989401  
  989518  989649  
  989885  989937  
  990072  990165  
  990426  990589  
  990606  990639  
  990979  991078  
  991224  991394  
  991737  991791  
  991948  992054  
  992338  992498  
  992602  992650  
  992657  992766  
  992852  993014  
  993495  993555  
  993755  993844  
  994138  994274  
  994740  994772  
  994812  994919  
  995207  995371  
  995746  995779  
  996111  996213  
  996519  996668  
  997124  997191  
  997520  997618  
  997953  998079  
  998190  998256  
  998535  998648  
  998667  998816  
  998906  998948  
  999121  999212  
  999347  999478  
  999631  999669  
  999930  1000036  
  1000479  1000616  
  1000852  1000924  
  1000983  1001071  
  1001450  1001608  
  1002043  1002093  
  1002187  1002285  
  1002734  1002884  
  1003280  1003318  
  1003543  1003627  
  1003774  1003923  
  1004317  1004362  
  1004686  1004776  
  1004897  1005036  
  1005260  1005308  
  1005544  1005627  
  1005963  1006100  
  1006412  1006461  
  1006480  1006563  
  1006962  1007113  
  1007380  1007444  
  1007786  1007888  
  1008118  1008278  
  1008679  1008731  
  1009045  1009146  
  1009586  1009731  
  1009830  1009890  
  1010206  1010295  
  1010634  1010793  
  1010914  1010959  
  1011160  1011274  
  1011356  1011507  
  1011885  1011931  
  1011968  1012076  
  1012349  1012510  
  1012929  1012981  
  1013379  1013468  
  1013832  1013991  
  1014445  1014507  
  1014568  1014664  
  1014691  1014845  
  1015135  1015200  
  1015628  1015725  
  1015765  1015922  
  1015945  1015997  
  1016394  1016491  
  1016832  1016981  
  1017413  1017472  
  1017957  1018064  
  1018065  1018197  
  1018226  1018298  
  1018730  1018842  
  1018980  1019132  
  1019205  1019263  
  1019266  1019353  
  1019564  1019694  
  1020061  1020099  
  1020400  1020498  
  1020572  1020722  
  1020787  1020859  
  1021200  1021299  
  1021420  1021582  
  1021751  1021820  
  1022090  1022182  
  1022590  1022749  
  1023039  1023084  
  1023473  1023564  
  1023925  1024057  
  1024095  1024152  
  1024367  1024489  
  1024508  1024670  
  1025132  1025177  
  1025352  1025438  
  1025690  1025850  
  1026197  1026254  
  1026477  1026586  
  1026925  1027100  
  1027362  1027429  
  1027816  1027916  
  1028087  1028230  
  1028535  1028597  
  1029083  1029182  
  1029454  1029587  
  1029903  1029947  
  1030063  1030160  
  1030420  1030574  
  1030993  1031046  
  1031211  1031321  
  1031758  1031915  
  1032116  1032161  
  1032391  1032508  
  1032918  1033081  
  1033105  1033140  
  1033503  1033597  
  1033816  1033976  
  1034142  1034190  
  1034226  1034335  
  1034360  1034517  
  1034792  1034839  
  1035303  1035405  
  1035775  1035943  
  1036383  1036448  
  1036749  1036836  
  1037084  1037237  
  1037273  1037339  
  1037515  1037625  
  1038054  1038216  
  1038398  1038448  
  1038458  1038563  
  1038985  1039129  
  1039447  1039503  
  1039720  1039803  
  1039826  1039973  
  1040128  1040176  
  1040631  1040742  
  1041078  1041236  
  1041552  1041592  
  1041924  1042022  
  1042070  1042208  
  1042520  1042568  
  1042573  1042675  
  1042814  1042971  
  1043019  1043060  
  1043382  1043490  
  1043651  1043802  
  1044156  1044213  
  1044349  1044449  
  1044591  1044742  
  1045025  1045086  
  1045149  1045244  
  1045676  1045832  
  1046240  1046300  
  1046639  1046749  
  1047237  1047393  
  1047884  1047940  
  1048218  1048316  
  1048535  1048688  
  1049016  1049079  
  1049164  1049260  
  1049613  1049756  
  1050033  1050081  
  1050274  1050361  
  1050525  1050676  
  1050811  1050866  
  1051083  1051164  
  1051219  1051375  
  1051750  1051790  
  1051975  1052076  
  1052376  1052526  
  1052783  1052831  
  1053305  1053402  
  1053641  1053787  
  1054118  1054177  
  1054446  1054540  
  1055012  1055165  
  1055471  1055529  
  1055600  1055702  
  1056103  1056253  
  1056272  1056331  
  1056497  1056604  
  1057049  1057187  
  1057308  1057363  
  1057705  1057796  
  1058086  1058218  
  1058341  1058367  
  1058393  1058482  
  1058607  1058761  
  1058904  1058957  
  1059272  1059368  
  1059419  1059570  
  1059813  1059873  
  1060223  1060315  
  1060637  1060784  
  1060878  1060938  
  1061252  1061337  
  1061498  1061645  
  1061715  1061786  
  1061967  1062063  
  1062482  1062631  
  1063124  1063159  
  1063398  1063493  
  1063523  1063669  
  1063884  1063932  
  1063998  1064110  
  1064283  1064425  
  1064889  1064946  
  1064947  1065047  
  1065298  1065459  
  1065816  1065878  
  1066368  1066467  
  1066893  1067030  
  1067417  1067479  
  1067648  1067754  
  1067816  1067977  
  1068454  1068517  
  1068787  1068888  
  1069139  1069286  
  1069616  1069659  
  1069960  1070044  
  1070159  1070312  
  1070393  1070436  
  1070665  1070761  
  1071108  1071272  
  1071321  1071379  
  1071521  1071621  
  1071703  1071851  
  1072047  1072117  
  1072487  1072578  
  1072893  1073040  
  1073380  1073431  
  1073523  1073611  
  1073621  1073772  
  1074081  1074118  
  1074130  1074219  
  1074699  1074859  
  1075114  1075165  
  1075325  1075421  
  1075781  1075933  
  1076164  1076214  
  1076387  1076477  
  1076763  1076905  
  1077375  1077432  
  1077736  1077823  
  1078197  1078348  
  1078351  1078402  
  1078485  1078587  
  1078693  1078850  
  1078909  1078958  
  1079171  1079272  
  1079376  1079522  
  1079945  1079996  
  1080458  1080561  
  1080691  1080826  
  1081086  1081127  
  1081139  1081254  
  1081538  1081689  
  1082168  1082209  
  1082507  1082609  
  1083031  1083179  
  1083621  1083675  
  1084114  1084223  
  1084321  1084465  
  1084832  1084872  
  1085275  1085376  
  1085392  1085538  
  1085765  1085804  
  1085820  1085920  
  1086182  1086346  
  1086655  1086707  
  1087074  1087181  
  1087211  1087362  
  1087715  1087762  
  1087911  1088003  
  1088472  1088606  
  1089044  1089100  
  1089115  1089207  
  1089659  1089800  
  1090281  1090323  
  1090408  1090494  
  1090934  1091084  
  1091441  1091490  
  1091885  1091989  
  1092090  1092248  
  1092353  1092406  
  1092864  1092969  
  1093352  1093513  
  1093640  1093713  
  1094005  1094105  
  1094415  1094558  
  1094868  1094907  
  1095087  1095195  
  1095602  1095737  
  1095848  1095895  
  1096042  1096121  
  1096573  1096723  
  1097040  1097081  
  1097183  1097296  
  1097462  1097601  
  1097922  1097973  
  1098182  1098267  
  1098388  1098534  
  1098977  1099030  
  1099139  1099254  
  1099452  1099603  
  1099745  1099784  
  1099966  1100063  
  1100526  1100672  
  1100968  1101031  
  1101322  1101417  
  1101546  1101690  
  1101779  1101827  
  1102266  1102371  
  1102404  1102530  
  1102962  1103017  
  1103471  1103554  
  1104051  1104211  
  1104243  1104297  
  1104555  1104661  
  1104947  1105097  
  1105485  1105540  
  1105753  1105861  
  1106056  1106195  
  1106534  1106570  
  1106661  1106741  
  1106782  1106932  
  1107112  1107163  
  1107198  1107300  
  1107335  1107499  
  1107776  1107834  
  1108147  1108232  
  1108453  1108611  
  1108930  1108979  
  1109370  1109475  
  1109536  1109674  
  1109805  1109862  
  1110331  1110438  
  1110853  1111004  
  1111254  1111298  
  1111352  1111437  
  1111864  1111990  
  1112138  1112174  
  1112306  1112400  
  1112766  1112917  
  1113183  1113237  
  1113604  1113692  
  1114066  1114212  
  1114442  1114490  
  1114530  1114632  
  1115097  1115245  
  1115677  1115721  
  1115963  1116065  
  1116289  1116456  
  1116588  1116636  
  1116820  1116918  
  1117128  1117259  
  1117647  1117695  
  1117937  1118046  
  1118112  1118285  
  1118598  1118662  
  1119023  1119129  
  1119495  1119645  
  1120058  1120104  
  1120555  1120655  
  1121026  1121169  
  1121585  1121615  
  1122026  1122115  
  1122399  1122558  
  1122983  1123028  
  1123527  1123641  
  1124132  1124292  
  1124570  1124609  
  1125006  1125107  
  1125555  1125697  
  1125938  1125982  
  1126454  1126541  
  1126924  1127084  
  1127486  1127537  
  1127983  1128099  
  1128327  1128480  
  1128736  1128785  
  1129261  1129364  
  1129459  1129599  
  1129992  1130036  
  1130400  1130503  
  1130639  1130779  
  1131045  1131103  
  1131489  1131598  
  1132015  1132157  
  1132453  1132502  
  1132535  1132632  
  1132750  1132898  
  1133155  1133213  
  1133419  1133530  
  1134016  1134176  
  1134629  1134677  
  1134824  1134925  
  1135218  1135370  
  1135687  1135733  
  1135777  1135874  
  1136025  1136189  
  1136377  1136441  
  1136907  1137014  
  1137350  1137501  
  1137653  1137713  
  1138101  1138196  
  1138418  1138569  
  1139005  1139064  
  1139516  1139614  
  1140072  1140210  
  1140271  1140324  
  1140395  1140493  
  1140751  1140903  
  1141046  1141092  
  1141343  1141442  
  1141469  1141612  
  1141848  1141889  
  1142354  1142460  
  1142571  1142711  
  1142835  1142882  
  1143360  1143447  
  1143776  1143922  
  1144098  1144134  
  1144606  1144708  
  1145011  1145162  
  1145432  1145481  
  1145634  1145733  
  1146057  1146197  
  1146508  1146543  
  1146662  1146754  
  1147226  1147374  
  1147666  1147702  
  1148031  1148119  
  1148286  1148421  
  1148679  1148729  
  1149112  1149205  
  1149307  1149459  
  1149955  1149997  
  1150136  1150246  
  1150290  1150446  
  1150655  1150691  
  1151115  1151213  
  1151328  1151485  
  1151980  1152016  
  1152075  1152186  
  1152216  1152363  
  1152385  1152418  
  1152890  1152983  
  1153145  1153323  
  1153558  1153608  
  1153902  1153987  
  1154486  1154620  
  1154646  1154685  
  1154833  1154926  
  1155225  1155387  
  1155733  1155791  
  1155927  1156030  
  1156485  1156646  
  1157127  1157179  
  1157573  1157683  
  1158146  1158288  
  1158445  1158482  
  1158922  1159014  
  1159189  1159336  
  1159708  1159769  
  1159880  1159973  
  1160204  1160374  
  1160536  1160585  
  1160732  1160833  
  1160838  1160986  
  1161246  1161286  
  1161323  1161432  
  1161522  1161686  
  1162132  1162183  
  1162474  1162572  
  1162594  1162744  
  1163044  1163081  
  1163356  1163447  
  1163612  1163759  
  1164237  1164294  
  1164478  1164580  
  1164918  1165055  
  1165242  1165291  
  1165425  1165513  
  1165952  1166116  
  1166235  1166286  
  1166587  1166685  
  1166927  1167070  
  1167331  1167393  
  1167500  1167565  
  1167619  1167782  
  1168158  1168198  
  1168649  1168751  
  1168986  1169148  
  1169368  1169410  
  1169414  1169511  
  1169883  1170040  
  1170194  1170234  
  1170514  1170605  
  1171004  1171142  
  1171161  1171195  
  1171513  1171619  
  1172002  1172147  
  1172500  1172559  
  1172966  1173067  
  1173237  1173389  
  1173561  1173606  
  1173978  1174074  
  1174329  1174485  
  1174496  1174546  
  1174793  1174902  
  1175071  1175223  
  1175674  1175733  
  1176066  1176169  
  1176570  1176713  
  1177199  1177246  
  1177444  1177536  
  1178012  1178166  
  1178388  1178457  
  1178601  1178708  
  1178931  1179076  
  1179077  1179127  
  1179282  1179382  
  1179533  1179677  
  1179821  1179882  
  1179902  1179994  
  1180215  1180374  
  1180783  1180831  
  1181237  1181328  
  1181685  1181849  
  1182014  1182061  
  1182162  1182262  
  1182644  1182796  
  1183033  1183096  
  1183185  1183278  
  1183650  1183785  
  1184270  1184310  
  1184554  1184650  
  1184764  1184903  
  1185246  1185297  
  1185452  1185558  
  1185719  1185884  
  1186071  1186132  
  1186528  1186633  
  1186728  1186880  
  1187094  1187137  
  1187294  1187399  
  1187450  1187601  
  1187763  1187817  
  1188242  1188337  
  1188622  1188758  
  1188912  1188976  
  1189128  1189226  
  1189582  1189739  
  1190055  1190096  
  1190167  1190265  
  1190344  1190489  
  1190720  1190774  
  1191253  1191369  
  1191860  1192009  
  1192258  1192305  
  1192574  1192670  
  1192698  1192843  
  1193234  1193277  
  1193355  1193449  
  1193868  1194008  
  1194318  1194376  
  1194849  1194953  
  1195356  1195499  
  1195758  1195814  
  1195989  1196086  
  1196518  1196678  
  1196879  1196926  
  1197370  1197467  
  1197596  1197759  
  1197985  1198036  
  1198241  1198344  
  1198766  1198902  
  1199363  1199407  
  1199441  1199528  
  1199727  1199873  
  1200334  1200388  
  1200400  1200507  
  1200688  1200842  
  1200965  1201018  
  1201118  1201206  
  1201437  1201592  
  1201722  1201773  
  1201851  1201935  
  1202112  1202260  
  1202524  1202571  
  1202737  1202833  
  1203101  1203256  
  1203374  1203426  
  1203731  1203826  
  1204287  1204439  
  1204532  1204578  
  1204911  1205007  
  1205443  1205590  
  1205665  1205702  
  1205910  1206002  
  1206138  1206295  
  1206458  1206505  
  1206680  1206785  
  1207227  1207388  
  1207840  1207882  
  1208029  1208141  
  1208298  1208434  
  1208625  1208682  
  1209105  1209206  
  1209671  1209829  
  1210152  1210187  
  1210594  1210697  
  1210741  1210888  
  1210976  1211024  
  1211468  1211565  
  1211737  1211884  
  1212361  1212410  
  1212722  1212827  
  1212889  1213036  
  1213049  1213096  
  1213450  1213535  
  1213611  1213771  
  1214150  1214197  
  1214348  1214454  
  1214663  1214797  
  1215064  1215128  
  1215563  1215679  
  1215861  1216020  
  1216183  1216224  
  1216495  1216611  
  1216918  1217084  
  1217357  1217421  
  1217642  1217745  
  1218050  1218203  
  1218551  1218593  
  1218921  1218999  
  1219158  1219287  
  1219671  1219723  
  1220132  1220222  
  1220609  1220762  
  1221227  1221275  
  1221588  1221697  
  1221819  1221973  
  1222053  1222117  
  1222142  1222216  
  1222333  1222482  
  1222865  1222910  
  1223233  1223338  
  1223342  1223471  
  1223562  1223584  
  1223820  1223919  
  1224299  1224462  
  1224862  1224903  
  1225325  1225412  
  1225556  1225689  
  1225705  1225751  
  1225980  1226080  
  1226280  1226426  
  1226568  1226608  
  1226870  1226960  
  1227107  1227256  
  1227333  1227395  
  1227551  1227649  
  1228114  1228271  
  1228654  1228702  
  1228756  1228848  
  1228980  1229152  
  1229450  1229506  
  1229739  1229821  
  1230043  1230208  
  1230318  1230370  
  1230787  1230894  
  1231292  1231416  
  1231430  1231482  
  1231748  1231851  
  1232234  1232378  
  1232681  1232735  
  1233030  1233131  
  1233261  1233394  
  1233816  1233860  
  1234244  1234366  
  1234372  1234543  
  1234723  1234772  
  1235124  1235225  
  1235343  1235500  
  1235944  1236004  
  1236398  1236499  
  1236976  1237120  
  1237326  1237381  
  1237502  1237582  
  1238046  1238198  
  1238527  1238578  
  1238616  1238725  
  1239106  1239261  
  1239521  1239568  
  1239980  1240065  
  1240429  1240586  
  1240772  1240832  
  1240847  1240951  
  1241155  1241311  
  1241529  1241564  
  1241680  1241773  
  1241863  1242013  
  1242409  1242453  
  1242591  1242678  
  1242826  1242969  
  1243255  1243305  
  1243729  1243822  
  1244108  1244264  
  1244418  1244471  
  1244718  1244803  
  1244889  1245052  
  1245216  1245261  
  1245358  1245456  
  1245627  1245787  
  1246086  1246139  
  1246330  1246418  
  1246857  1247004  
  1247138  1247173  
  1247260  1247351  
  1247543  1247698  
  1247849  1247886  
  1247955  1248041  
  1248244  1248394  
  1248832  1248896  
  1249115  1249224  
  1249441  1249605  
  1249884  1249936  
  1250326  1250429  
  1250460  1250627  
  1251099  1251133  
  1251631  1251720  
  1251859  1252008  
  1252350  1252406  
  1252686  1252797  
  1252965  1253125  
  1253450  1253514  
  1253617  1253714  
  1254159  1254309  
  1254375  1254416  
  1254646  1254733  
  1255201  1255340  
  1255719  1255769  
  1255991  1256097  
  1256201  1256347  
  1256349  1256376  
  1256609  1256721  
  1257087  1257218  
  1257409  1257455  
  1257928  1258033  
  1258487  1258642  
  1259120  1259174  
  1259546  1259648  
  1259766  1259921  
  1260061  1260116  
  1260189  1260311  
  1260739  1260877  
  1261195  1261235  
  1261612  1261710  
  1261998  1262138  
  1262582  1262635  
  1262985  1263100  
  1263178  1263335  
  1263492  1263539  
  1263853  1263952  
  1264272  1264421  
  1264531  1264574  
  1264984  1265079  
  1265237  1265392  
  1265543  1265613  
  1266059  1266158  
  1266318  1266469  
  1266520  1266559  
  1266700  1266813  
  1266994  1267138  
  1267401  1267457  
  1267749  1267833  
  1268209  1268363  
  1268570  1268617  
  1268835  1268934  
  1269103  1269266  
  1269733  1269778  
  1270042  1270136  
  1270515  1270675  
  1271103  1271144  
  1271332  1271442  
  1271633  1271782  
  1271856  1271895  
  1272302  1272395  
  1272528  1272663  
  1272821  1272874  
  1273156  1273256  
  1273588  1273744  
  1274051  1274089  
  1274453  1274574  
  1274673  1274832  
  1275037  1275089  
  1275431  1275513  
  1275847  1275997  
  1276111  1276167  
  1276635  1276745  
  1276802  1276977  
  1277185  1277234  
  1277650  1277769  
  1277885  1278049  
  1278119  1278159  
  1278324  1278411  
  1278596  1278751  
  1278936  1278971  
  1279089  1279179  
  1279209  1279338  
  1279734  1279800  
  1280017  1280134  
  1280441  1280587  
  1281003  1281052  
  1281125  1281224  
  1281716  1281861  
  1282304  1282349  
  1282714  1282817  
  1283129  1283269  
  1283501  1283556  
  1283676  1283770  
  1284169  1284326  
  1284701  1284744  
  1285043  1285138  
  1285469  1285623  
  1286041  1286096  
  1286451  1286553  
  1286603  1286759  
  1287152  1287211  
  1287410  1287514  
  1287906  1288050  
  1288308  1288342  
  1288656  1288749  
  1288935  1289072  
  1289095  1289165  
  1289542  1289644  
  1290007  1290151  
  1290613  1290683  
  1290726  1290828  
  1291323  1291463  
  1291896  1291951  
  1292140  1292251  
  1292472  1292619  
  1293035  1293101  
  1293201  1293302  
  1293585  1293738  
  1294219  1294269  
  1294587  1294682  
  1294752  1294907  
  1295071  1295135  
  1295176  1295267  
  1295312  1295462  
  1295567  1295602  
  1295886  1295966  
  1296455  1296628  
  1296643  1296696  
  1297148  1297234  
  1297298  1297451  
  1297569  1297618  
  1297976  1298084  
  1298147  1298291  
  1298380  1298426  
  1298891  1298985  
  1299302  1299450  
  1299804  1299852  
  1299999  1300094  
  1300479  1300645  
  1301057  1301117  
  1301412  1301514  
  1301958  1302130  
  1302554  1302608  
  1302766  1302867  
  1303356  1303501  
  1303544  1303601  
  1303920  1304028  
  1304238  1304417  
  1304900  1304954  
  1305441  1305547  
  1305770  1305924  
  1306258  1306292  
  1306530  1306650  
  1307009  1307144  
  1307420  1307476  
  1307943  1308048  
  1308233  1308375  
  1308788  1308849  
  1309100  1309203  
  1309292  1309421  
  1309760  1309806  
  1310109  1310202  
  1310566  1310723  
  1311005  1311066  
  1311315  1311411  
  1311881  1312027  
  1312415  1312459  
  1312478  1312576  
  1313007  1313155  
  1313250  1313289  
  1313470  1313575  
  1314005  1314162  
  1314549  1314597  
  1314761  1314867  
  1315048  1315188  
  1315234  1315269  
  1315759  1315848  
  1315875  1316021  
  1316272  1316312  
  1316453  1316552  
  1316660  1316799  
  1317014  1317070  
  1317216  1317317  
  1317785  1317937  
  1318006  1318068  
  1318081  1318169  
  1318295  1318451  
  1318547  1318598  
  1318731  1318838  
  1319247  1319395  
  1319498  1319542  
  1319645  1319750  
  1319937  1320104  
  1320444  1320497  
  1320861  1320962  
  1321304  1321449  
  1321591  1321636  
  1322058  1322156  
  1322282  1322433  
  1322772  1322810  
  1323295  1323382  
  1323620  1323778  
  1323993  1324035  
  1324365  1324476  
  1324478  1324629  
  1324774  1324811  
  1324921  1325006  
  1325340  1325484  
  1325588  1325631  
  1325751  1325856  
  1326345  1326478  
  1326496  1326538  
  1326604  1326699  
  1327191  1327332  
  1327368  1327427  
  1327691  1327790  
  1328202  1328344  
  1328652  1328701  
  1329041  1329135  
  1329342  1329504  
  1329763  1329804  
  1330291  1330380  
  1330433  1330589  
  1330757  1330797  
  1330839  1330945  
  1330946  1331093  
  1331202  1331265  
  1331697  1331802  
  1331997  1332116  
  1332490  1332548  
  1332787  1332864  
  1333205  1333370  
  1333394  1333436  
  1333881  1333999  
  1334003  1334159  
  1334591  1334626  
  1334869  1334976  
  1335312  1335480  
  1335911  1335949  
  1336111  1336218  
  1336249  1336393  
  1336662  1336716  
  1337010  1337116  
  1337550  1337703  
  1337952  1337999  
  1338319  1338408  
  1338795  1338931  
  1339204  1339248  
  1339444  1339558  
  1339710  1339868  
  1340355  1340413  
  1340759  1340842  
  1341021  1341183  
  1341605  1341654  
  1342126  1342251  
  1342470  1342620  
  1342658  1342719  
  1343218  1343316  
  1343582  1343721  
  1343761  1343835  
  1344118  1344216  
  1344221  1344358  
  1344764  1344818  
  1344947  1345043  
  1345495  1345657  
  1346111  1346170  
  1346572  1346677  
  1346974  1347125  
  1347467  1347514  
  1347773  1347874  
  1347892  1348034  
  1348287  1348330  
  1348660  1348748  
  1348874  1349026  
  1349147  1349203  
  1349665  1349759  
  1350053  1350184  
  1350496  1350543  
  1350692  1350798  
  1351111  1351250  
  1351380  1351409  
  1351526  1351642  
  1352037  1352187  
  1352579  1352622  
  1353077  1353189  
  1353436  1353595  
  1353876  1353923  
  1354075  1354191  
  1354499  1354650  
  1354939  1354991  
  1355244  1355335  
  1355369  1355523  
  1355876  1355919  
  1356085  1356197  
  1356388  1356549  
  1356551  1356592  
  1356696  1356800  
  1357246  1357382  
  1357584  1357648  
  1357695  1357796  
  1358275  1358444  
  1358821  1358862  
  1359282  1359386  
  1359804  1359969  
  1360351  1360400  
  1360447  1360543  
  1360769  1360919  
  1361124  1361170  
  1361442  1361534  
  1361723  1361869  
  1361918  1361966  
  1362376  1362463  
  1362542  1362685  
  1362687  1362728  
  1363059  1363151  
  1363331  1363486  
  1363509  1363557  
  1363799  1363907  
  1364376  1364515  
  1364536  1364590  
  1364987  1365086  
  1365447  1365584  
  1365962  1366005  
  1366416  1366503  
  1366997  1367146  
  1367624  1367664  
  1368007  1368124  
  1368581  1368740  
  1369090  1369133  
  1369378  1369477  
  1369607  1369761  
  1369964  1369999  
  1370136  1370239  
  1370254  1370413  
  1370837  1370882  
  1371182  1371266  
  1371548  1371691  
  1371967  1372016  
  1372130  1372234  
  1372517  1372673  
  1372952  1372982  
  1373227  1373321  
  1373398  1373531  
  1374000  1374053  
  1374270  1374382  
  1374393  1374541  
  1374544  1374587  
  1374786  1374882  
  1374947  1375075  
  1375568  1375627  
  1376088  1376173  
  1376284  1376415  
  1376541  1376593  
  1376994  1377108  
  1377223  1377378  
  1377800  1377847  
  1378296  1378411  
  1378540  1378706  
  1378745  1378789  
  1378921  1379003  
  1379439  1379569  
  1380060  1380099  
  1380563  1380653  
  1380976  1381118  
  1381609  1381652  
  1381876  1381986  
  1382063  1382192  
  1382205  1382250  
  1382271  1382366  
  1382518  1382680  
  1382688  1382742  
  1382811  1382915  
  1383313  1383454  
  1383508  1383569  
  1383584  1383698  
  1384082  1384226  
  1384263  1384326  
  1384792  1384881  
  1384905  1385061  
  1385330  1385378  
  1385649  1385749  
  1386031  1386165  
  1386223  1386268  
  1386401  1386483  
  1386644  1386792  
  1387037  1387095  
  1387185  1387279  
  1387296  1387452  
  1387795  1387841  
  1387996  1388091  
  1388234  1388403  
  1388536  1388575  
  1388847  1388950  
  1389171  1389331  
  1389679  1389742  
  1389774  1389864  
  1390093  1390222  
  1390704  1390759  
  1391152  1391243  
  1391338  1391493  
  1391860  1391935  
  1392110  1392215  
  1392524  1392666  
  1392913  1392977  
  1393233  1393326  
  1393646  1393801  
  1394067  1394121  
  1394444  1394553  
  1394971  1395132  
  1395628  1395676  
  1395681  1395764  
  1395844  1395981  
  1396224  1396265  
  1396534  1396641  
  1397072  1397211  
  1397583  1397621  
  1397970  1398075  
  1398392  1398542  
  1398785  1398827  
  1399083  1399158  
  1399648  1399795  
  1400294  1400347  
  1400739  1400831  
  1401209  1401355  
  1401474  1401531  
  1401713  1401803  
  1402020  1402159  
  1402456  1402501  
  1402611  1402719  
  1403107  1403268  
  1403703  1403761  
  1403780  1403890  
  1404009  1404162  
  1404322  1404389  
  1404603  1404705  
  1405118  1405266  
  1405489  1405531  
  1405542  1405648  
  1406085  1406229  
  1406688  1406735  
  1407189  1407290  
  1407530  1407675  
  1408091  1408148  
  1408589  1408696  
  1408783  1408956  
  1409371  1409424  
  1409489  1409607  
  1409635  1409810  
  1409996  1410058  
  1410178  1410286  
  1410748  1410884  
  1411239  1411286  
  1411706  1411807  
  1412084  1412225  
  1412540  1412604  
  1413029  1413132  
  1413239  1413394  
  1413671  1413732  
  1413854  1413951  
  1414323  1414471  
  1414820  1414882  
  1415031  1415126  
  1415596  1415764  
  1415820  1415868  
  1416214  1416315  
  1416808  1416950  
  1417261  1417303  
  1417545  1417640  
  1417665  1417823  
  1418066  1418112  
  1418523  1418616  
  1418820  1418974  
  1419148  1419193  
  1419263  1419363  
  1419608  1419773  
  1420135  1420182  
  1420345  1420465  
  1420537  1420700  
  1421177  1421225  
  1421702  1421806  
  1422070  1422213  
  1422692  1422740  
  1422978  1423084  
  1423371  1423532  
  1423961  1424007  
  1424213  1424293  
  1424713  1424860  
  1425170  1425211  
  1425490  1425589  
  1425930  1426095  
  1426178  1426228  
  1426554  1426665  
  1427052  1427207  
  1427586  1427645  
  1427880  1427968  
  1428416  1428568  
  1428723  1428797  
  1429034  1429133  
  1429207  1429367  
  1429504  1429542  
  1429921  1430047  
  1430061  1430207  
  1430626  1430672  
  1431055  1431146  
  1431458  1431599  
  1431856  1431906  
  1432065  1432169  
  1432264  1432415  
  1432515  1432569  
  1432862  1432954  
  1433012  1433165  
  1433394  1433439  
  1433781  1433894  
  1434253  1434421  
  1434650  1434706  
  1434928  1435055  
  1435085  1435230  
  1435412  1435472  
  1435511  1435609  
  1435993  1436138  
  1436527  1436580  
  1436932  1437044  
  1437206  1437347  
  1437776  1437810  
  1438236  1438341  
  1438645  1438793  
  1438942  1438991  
  1439465  1439577  
  1439829  1439978  
  1440023  1440073  
  1440405  1440519  
  1440898  1441048  
  1441110  1441165  
  1441233  1441328  
  1441576  1441731  
  1442124  1442176  
  1442631  1442722  
  1443194  1443344  
  1443706  1443757  
  1444240  1444353  
  1444793  1444939  
  1444950  1445010  
  1445062  1445160  
  1445497  1445642  
  1445991  1446043  
  1446291  1446390  
  1446888  1447046  
  1447281  1447344  
  1447443  1447533  
  1447914  1448051  
  1448342  1448386  
  1448772  1448870  
  1449197  1449341  
  1449603  1449664  
  1449716  1449810  
  1449887  1450030  
  1450077  1450111  
  1450218  1450294  
  1450595  1450740  
  1451010  1451047  
  1451312  1451409  
  1451544  1451726  
  1451878  1451932  
  1452404  1452499  
  1452833  1452969  
  1453360  1453409  
  1453494  1453615  
  1453984  1454129  
  1454144  1454219  
  1454512  1454627  
  1454810  1454938  
  1455162  1455221  
  1455711  1455816  
  1455836  1456002  
  1456009  1456046  
  1456148  1456249  
  1456378  1456529  
  1456988  1457040  
  1457429  1457540  
  1457849  1458004  
  1458464  1458522  
  1458863  1458962  
  1459443  1459592  
  1459729  1459788  
  1460192  1460277  
  1460438  1460581  
  1460766  1460815  
  1461303  1461402  
  1461848  1461990  
  1462026  1462077  
  1462191  1462297  
  1462485  1462641  
  1463088  1463139  
  1463218  1463313  
  1463326  1463474  
  1463910  1463960  
  1464224  1464331  
  1464666  1464818  
  1464909  1464944  
  1465378  1465475  
  1465555  1465701  
  1466029  1466085  
  1466437  1466538  
  1466950  1467109  
  1467120  1467178  
  1467478  1467570  
  1467793  1467946  
  1468166  1468219  
  1468534  1468637  
  1468699  1468847  
  1468908  1468955  
  1469290  1469412  
  1469737  1469899  
  1470174  1470209  
  1470496  1470606  
  1470969  1471117  
  1471599  1471644  
  1471737  1471827  
  1472068  1472223  
  1472490  1472550  
  1472628  1472713  
  1472731  1472873  
  1472995  1473044  
  1473262  1473363  
  1473641  1473807  
  1473932  1473981  
  1474257  1474362  
  1474409  1474562  
  1474573  1474612  
  1474671  1474771  
  1474840  1474996  
  1475015  1475057  
  1475267  1475379  
  1475515  1475657  
  1475783  1475832  
  1476258  1476337  
  1476427  1476566  
  1476758  1476810  
  1477207  1477312  
  1477614  1477764  
  1478104  1478170  
  1478469  1478574  
  1478858  1479006  
  1479420  1479466  
  1479667  1479767  
  1480108  1480275  
  1480410  1480474  
  1480948  1481064  
  1481415  1481567  
  1481897  1481946  
  1481998  1482096  
  1482163  1482320  
  1482450  1482497  
  1482913  1482995  
  1483208  1483355  
  1483605  1483680  
  1483774  1483870  
  1483988  1484148  
  1484187  1484237  
  1484672  1484769  
  1485214  1485354  
  1485833  1485868  
  1486299  1486396  
  1486558  1486695  
  1487068  1487112  
  1487282  1487390  
  1487745  1487895  
  1487997  1488025  
  1488164  1488282  
  1488568  1488728  
  1488789  1488846  
  1489204  1489309  
  1489808  1489952  
  1490051  1490102  
  1490214  1490317  
  1490756  1490909  
  1491101  1491163  
  1491164  1491261  
  1491422  1491587  
  1491618  1491667  
  1491946  1492047  
  1492363  1492525  
  1492737  1492779  
  1492792  1492878  
  1493313  1493448  
  1493753  1493812  
  1494242  1494344  
  1494646  1494795  
  1494800  1494845  
  1494907  1495008  
  1495272  1495420  
  1495636  1495679  
  1495945  1496044  
  1496249  1496388  
  1496811  1496853  
  1497110  1497211  
  1497609  1497756  
  1497775  1497818  
  1498108  1498180  
  1498265  1498406  
  1498709  1498759  
  1498912  1499021  
  1499323  1499479  
  1499953  1499999  
  1500034  1500115  
  1500365  1500495  
  1500679  1500726  
  1500894  1500968  
  1501073  1501207  
  1501684  1501742  
  1501795  1501892  
  1502224  1502356  
  1502563  1502598  
  1502765  1502875  
  1503045  1503208  
  1503233  1503279  
  1503711  1503796  
  1504283  1504422  
  1504669  1504719  
  1504764  1504860  
  1505067  1505204  
  1505593  1505639  
  1505670  1505770  
  1505772  1505906  
  1506021  1506070  
  1506265  1506361  
  1506436  1506576  
  1506933  1506996  
  1507305  1507407  
  1507440  1507600  
  1507671  1507720  
  1508155  1508262  
  1508461  1508601  
  1509078  1509159  
  1509548  1509634  
  1510000  1510141  
  1510543  1510577  
  1510700  1510806  
  1511193  1511346  
  1511822  1511871  
  1512355  1512450  
  1512816  1512956  
  1513041  1513085  
  1513128  1513227  
  1513591  1513772  
  1513902  1513955  
  1514005  1514091  
  1514549  1514710  
  1514976  1515032  
  1515309  1515407  
  1515752  1515915  
  1515936  1515998  
  1516480  1516563  
  1516907  1517041  
  1517400  1517453  
  1517634  1517736  
  1517765  1517915  
  1518380  1518434  
  1518848  1518974  
  1519426  1519570  
  1519600  1519651  
  1519780  1519885  
  1520282  1520437  
  1520445  1520479  
  1520527  1520631  
  1520679  1520848  
  1521126  1521186  
  1521443  1521534  
  1521597  1521755  
  1521963  1522020  
  1522264  1522346  
  1522397  1522556  
  1522624  1522664  
  1523111  1523202  
  1523339  1523475  
  1523855  1523919  
  1524236  1524348  
  1524749  1524897  
  1525208  1525258  
  1525290  1525396  
  1525653  1525817  
  1526165  1526197  
  1526470  1526572  
  1526838  1526980  
  1527253  1527302  
  1527777  1527870  
  1528165  1528327  
  1528533  1528583  
  1528776  1528858  
  1529318  1529472  
  1529575  1529610  
  1529731  1529846  
  1529917  1530062  
  1530086  1530141  
  1530339  1530431  
  1530509  1530680  
  1531098  1531125  
  1531559  1531677  
  1531737  1531888  
  1532195  1532247  
  1532744  1532826  
  1532993  1533139  
  1533407  1533465  
  1533637  1533741  
  1533817  1533966  
  1534205  1534256  
  1534461  1534562  
  1534710  1534872  
  1534910  1534952  
  1535435  1535546  
  1535638  1535801  
  1536088  1536139  
  1536147  1536242  
  1536675  1536813  
  1537090  1537131  
  1537466  1537581  
  1538066  1538211  
  1538651  1538709  
  1538760  1538857  
  1539331  1539486  
  1539678  1539737  
  1539871  1539972  
  1540452  1540601  
  1540920  1540982  
  1541242  1541338  
  1541827  1541973  
  1542385  1542447  
  1542561  1542661  
  1542897  1543054  
  1543115  1543164  
  1543408  1543507  
  1543768  1543913  
  1544372  1544429  
  1544608  1544716  
  1544755  1544891  
  1545206  1545264  
  1545694  1545810  
  1546272  1546430  
  1546679  1546726  
  1547093  1547187  
  1547451  1547597  
  1547856  1547907  
  1548343  1548459  
  1548776  1548927  
  1549108  1549156  
  1549444  1549548  
  1549819  1549968  
  1550255  1550314  
  1550470  1550570  
  1550879  1551018  
  1551120  1551152  
  1551197  1551300  
  1551704  1551876  
  1552041  1552103  
  1552551  1552649  
  1553095  1553247  
  1553546  1553590  
  1553975  1554076  
  1554102  1554249  
  1554610  1554672  
  1555025  1555122  
  1555124  1555274  
  1555477  1555527  
  1555629  1555730  
  1556173  1556316  
  1556545  1556596  
  1557062  1557152  
  1557250  1557387  
  1557573  1557614  
  1558067  1558163  
  1558414  1558533  
  1558614  1558649  
  1559088  1559190  
  1559481  1559620  
  1559727  1559793  
  1560237  1560350  
  1560814  1560979  
  1561196  1561237  
  1561504  1561605  
  1561895  1562051  
  1562277  1562317  
  1562537  1562637  
  1562808  1562967  
  1563353  1563413  
  1563907  1564027  
  1564333  1564486  
  1564748  1564812  
  1565036  1565127  
  1565567  1565737  
  1566218  1566274  
  1566359  1566454  
  1566797  1566945  
  1566977  1567007  
  1567459  1567543  
  1567950  1568094  
  1568312  1568361  
  1568500  1568598  
  1568846  1568981  
  1569441  1569497  
  1569524  1569619  
  1569728  1569862  
  1569976  1570028  
  1570414  1570525  
  1570968  1571115  
  1571501  1571550  
  1572042  1572138  
  1572575  1572726  
  1572865  1572923  
  1573063  1573167  
  1573594  1573749  
  1574008  1574040  
  1574160  1574259  
  1574480  1574635  
  1574665  1574709  
  1574900  1575011  
  1575449  1575596  
  1576087  1576149  
  1576435  1576534  
  1576593  1576751  
  1576944  1576994  
  1577304  1577416  
  1577475  1577616  
  1578083  1578135  
  1578392  1578511  
  1578803  1578958  
  1579413  1579452  
  1579781  1579880  
  1580249  1580400  
  1580667  1580720  
  1580847  1580945  
  1581393  1581530  
  1581742  1581801  
  1582053  1582153  
  1582490  1582647  
  1583129  1583179  
  1583670  1583764  
  1584223  1584376  
  1584492  1584537  
  1584898  1585001  
  1585487  1585630  
  1585854  1585903  
  1586378  1586483  
  1586625  1586789  
  1587125  1587162  
  1587530  1587641  
  1588134  1588285  
  1588662  1588702  
  1588949  1589056  
  1589235  1589372  
  1589723  1589763  
  1589841  1589939  
  1590419  1590556  
  1590636  1590693  
  1590813  1590917  
  1591179  1591321  
  1591562  1591609  
  1592028  1592138  
  1592536  1592686  
  1593148  1593188  
  1593382  1593479  
  1593800  1593964  
  1594263  1594317  
  1594584  1594666  
  1595048  1595205  
  1595275  1595344  
  1595376  1595471  
  1595723  1595849  
  1595979  1596017  
  1596359  1596465  
  1596794  1596953  
  1597420  1597484  
  1597713  1597811  
  1598256  1598400  
  1598837  1598899  
  1599323  1599411  
  1599625  1599774  
  1600267  1600314  
  1600419  1600524  
  1600888  1601016  
  1601471  1601513  
  1601652  1601750  
  1602028  1602168  
  1602182  1602235  
  1602648  1602746  
  1602789  1602946  
  1603195  1603260  
  1603634  1603721  
  1604136  1604312  
  1604353  1604401  
  1604889  1604987  
  1605043  1605191  
  1605610  1605648  
  1606063  1606155  
  1606275  1606428  
  1606750  1606797  
  1606978  1607079  
  1607283  1607445  
  1607798  1607841  
  1608039  1608129  
  1608296  1608427  
  1608525  1608568  
  1608640  1608747  
  1608839  1608969  
  1609013  1609056  
  1609218  1609302  
  1609364  1609519  
  1609951  1610017  
  1610027  1610117  
  1610247  1610381  
  1610851  1610889  
  1611144  1611232  
  1611605  1611741  
  1611768  1611791  
  1611977  1612092  
  1612454  1612599  
  1612926  1612986  
  1613070  1613162  
  1613205  1613358  
  1613759  1613805  
  1613999  1614087  
  1614132  1614279  
  1614773  1614838  
  1615062  1615148  
  1615213  1615361  
  1615435  1615469  
  1615681  1615792  
  1615911  1616069  
  1616275  1616334  
  1616558  1616654  
  1617103  1617257  
  1617440  1617493  
  1617513  1617620  
  1618031  1618186  
  1618483  1618525  
  1618559  1618655  
  1618720  1618871  
  1619142  1619189  
  1619537  1619666  
  1619767  1619916  
  1620115  1620157  
  1620514  1620625  
  1621110  1621255  
  1621478  1621522  
  1621692  1621777  
  1621833  1621968  
  1622352  1622421  
  1622551  1622666  
  1623041  1623213  
  1623521  1623589  
  1624020  1624137  
  1624272  1624425  
  1624822  1624863  
  1624999  1625107  
  1625552  1625708  
  1625912  1625953  
  1625996  1626088  
  1626250  1626402  
  1626556  1626611  
  1626667  1626770  
  1627256  1627419  
  1627516  1627552  
  1627766  1627864  
  1628135  1628299  
  1628482  1628527  
  1628820  1628919  
  1629403  1629567  
  1629889  1629934  
  1630155  1630261  
  1630720  1630864  
  1631076  1631136  
  1631525  1631612  
  1631627  1631754  
  1632060  1632105  
  1632553  1632650  
  1632899  1633040  
  1633179  1633213  
  1633620  1633718  
  1634058  1634205  
  1634464  1634522  
  1634916  1635021  
  1635245  1635384  
  1635467  1635510  
  1635670  1635758  
  1635883  1636023  
  1636439  1636460  
  1636932  1637025  
  1637174  1637309  
  1637615  1637660  
  1637990  1638097  
  1638100  1638230  
  1638415  1638479  
  1638628  1638727  
  1639188  1639323  
  1639785  1639831  
  1640044  1640123  
  1640184  1640319  
  1640647  1640683  
  1640782  1640882  
  1641292  1641434  
  1641442  1641498  
  1641797  1641887  
  1642194  1642343  
  1642496  1642551  
  1642751  1642851  
  1643278  1643435  
  1643618  1643652  
  1643713  1643812  
  1644070  1644223  
  1644296  1644326  
  1644631  1644725  
  1644748  1644894  
  1645092  1645148  
  1645355  1645465  
  1645762  1645920  
  1646251  1646296  
  1646431  1646521  
  1646929  1647085  
  1647293  1647340  
  1647342  1647453  
  1647496  1647648  
  1647986  1648044  
  1648219  1648322  
  1648439  1648583  
  1648874  1648930  
  1649065  1649160  
  1649351  1649496  
  1649656  1649689  
  1650146  1650235  
  1650416  1650562  
  1650991  1651039  
  1651309  1651420  
  1651681  1651833  
  1651851  1651919  
  1652135  1652232  
  1652594  1652724  
  1653007  1653053  
  1653466  1653542  
  1653620  1653771  
  1654147  1654204  
  1654551  1654637  
  1654727  1654879  
  1655035  1655080  
  1655522  1655631  
  1656013  1656171  
  1656424  1656466  
  1656616  1656740  
  1657170  1657324  
  1657425  1657464  
  1657683  1657774  
  1658268  1658418  
  1658870  1658929  
  1659218  1659322  
  1659707  1659856  
  1660237  1660292  
  1660572  1660658  
  1661008  1661155  
  1661398  1661440  
  1661678  1661775  
  1662145  1662304  
  1662677  1662716  
  1662818  1662911  
  1662952  1663106  
  1663459  1663497  
  1663721  1663828  
  1664002  1664144  
  1664418  1664471  
  1664935  1665019  
  1665213  1665347  
  1665727  1665779  
  1665807  1665907  
  1666342  1666512  
  1666871  1666950  
  1667256  1667364  
  1667396  1667540  
  1667946  1667991  
  1668398  1668486  
  1668659  1668817  
  1668964  1669010  
  1669186  1669276  
  1669594  1669730  
  1669939  1669989  
  1670052  1670154  
  1670161  1670306  
  1670491  1670542  
  1670938  1671013  
  1671317  1671474  
  1671938  1671996  
  1672459  1672563  
  1672858  1673020  
  1673032  1673067  
  1673328  1673424  
  1673652  1673787  
  1673951  1674006  
  1674053  1674158  
  1674420  1674567  
  1675021  1675060  
  1675494  1675592  
  1675849  1676017  
  1676137  1676176  
  1676330  1676432  
  1676630  1676767  
  1676826  1676873  
  1676984  1677065  
  1677108  1677254  
  1677749  1677795  
  1678088  1678194  
  1678510  1678672  
  1678772  1678829  
  1678915  1678991  
  1679216  1679363  
  1679565  1679611  
  1679666  1679762  
  1679848  1680000  
  1680305  1680347  
  1680595  1680699  
  1680834  1680985  
  1681136  1681201  
  1681204  1681311  
  1681312  1681464  
  1681723  1681776  
  1681897  1681998  
  1682043  1682185  
  1682501  1682541  
  1682947  1683048  
  1683049  1683206  
  1683600  1683643  
  1683841  1683949  
  1684297  1684466  
  1684508  1684577  
  1684731  1684854  
  1684983  1685155  
  1685252  1685313  
  1685727  1685835  
  1685998  1686127  
  1686142  1686201  
  1686312  1686395  
  1686815  1686973  
  1687391  1687444  
  1687782  1687879  
  1688048  1688187  
  1688194  1688258  
  1688602  1688682  
  1688826  1688980  
  1689288  1689331  
  1689650  1689761  
  1690241  1690389  
  1690853  1690914  
  1691044  1691150  
  1691362  1691513  
  1692004  1692042  
  1692138  1692232  
  1692599  1692730  
  1692740  1692788  
  1692808  1692889  
  1693185  1693358  
  1693417  1693468  
  1693552  1693650  
  1694031  1694184  
  1694589  1694652  
  1694803  1694912  
  1695103  1695259  
  1695564  1695610  
  1695965  1696040  
  1696272  1696409  
  1696591  1696634  
  1697131  1697216  
  1697383  1697527  
  1697733  1697792  
  1698050  1698146  
  1698299  1698452  
  1698770  1698820  
  1699173  1699282  
  1699703  1699845  
  1700319  1700381  
  1700554  1700671  
  1700888  1701061  
  1701440  1701494  
  1701932  1702046  
  1702442  1702588  
  1703058  1703112  
  1703287  1703409  
  1703592  1703746  
  1704053  1704102  
  1704587  1704692  
  1705041  1705182  
  1705232  1705291  
  1705664  1705770  
  1705906  1706063  
  1706266  1706315  
  1706476  1706569  
  1706722  1706876  
  1707054  1707112  
  1707293  1707384  
  1707827  1707977  
  1708288  1708331  
  1708432  1708537  
  1708872  1709022  
  1709051  1709111  
  1709525  1709615  
  1710077  1710227  
  1710681  1710725  
  1711053  1711143  
  1711282  1711436  
  1711861  1711911  
  1712029  1712123  
  1712579  1712729  
  1712929  1712984  
  1713103  1713182  
  1713279  1713441  
  1713576  1713627  
  1714083  1714188  
  1714537  1714681  
  1715130  1715177  
  1715367  1715478  
  1715539  1715689  
  1715929  1715967  
  1716034  1716128  
  1716322  1716481  
  1716694  1716744  
  1717242  1717341  
  1717392  1717538  
  1717562  1717605  
  1718087  1718175  
  1718281  1718432  
  1718451  1718495  
  1718732  1718843  
  1718969  1719121  
  1719213  1719280  
  1719304  1719400  
  1719706  1719859  
  1720003  1720061  
  1720086  1720189  
  1720257  1720392  
  1720691  1720751  
  1720980  1721086  
  1721475  1721622  
  1721992  1722031  
  1722422  1722526  
  1722596  1722751  
  1723079  1723122  
  1723597  1723698  
  1724003  1724167  
  1724453  1724507  
  1724991  1725094  
  1725405  1725549  
  1725676  1725721  
  1725937  1726037  
  1726530  1726687  
  1727144  1727213  
  1727649  1727750  
  1727803  1727954  
  1728116  1728154  
  1728628  1728732  
  1728759  1728904  
  1729387  1729436  
  1729661  1729759  
  1730122  1730264  
  1730562  1730615  
  1730752  1730845  
  1731075  1731206  
  1731241  1731294  
  1731400  1731525  
  1731923  1732062  
  1732349  1732402  
  1732537  1732623  
  1733021  1733178  
  1733346  1733405  
  1733417  1733526  
  1733529  1733683  
  1733757  1733811  
  1734176  1734285  
  1734381  1734511  
  1734957  1735001  
  1735021  1735126  
  1735294  1735443  
  1735603  1735650  
  1735705  1735793  
  1735848  1736000  
  1736378  1736413  
  1736794  1736896  
  1737102  1737249  
  1737537  1737586  
  1737943  1738056  
  1738213  1738335  
  1738670  1738708  
  1739053  1739163  
  1739164  1739306  
  1739741  1739796  
  1740016  1740114  
  1740347  1740496  
  1740713  1740772  
  1741249  1741340  
  1741633  1741784  
  1742120  1742182  
  1742505  1742611  
  1742956  1743119  
  1743452  1743492  
  1743597  1743686  
  1743945  1744094  
  1744382  1744422  
  1744811  1744913  
  1745230  1745379  
  1745865  1745930  
  1746169  1746281  
  1746407  1746548  
  1746933  1746980  
  1747145  1747244  
  1747413  1747576  
  1748021  1748080  
  1748095  1748195  
  1748542  1748687  
  1748889  1748946  
  1749190  1749277  
  1749452  1749594  
  1749848  1749910  
  1750362  1750446  
  1750770  1750911  
  1751083  1751139  
  1751600  1751698  
  1752142  1752293  
  1752299  1752356  
  1752788  1752876  
  1753058  1753201  
  1753661  1753690  
  1753980  1754086  
  1754456  1754604  
  1755100  1755150  
  1755397  1755515  
  1755554  1755701  
  1755813  1755854  
  1756227  1756328  
  1756349  1756515  
  1756831  1756896  
  1757336  1757449  
  1757528  1757682  
  1758055  1758114  
  1758487  1758592  
  1759038  1759182  
  1759517  1759572  
  1759915  1760028  
  1760059  1760215  
  1760345  1760399  
  1760700  1760804  
  1760836  1760963  
  1761264  1761283  
  1761411  1761509  
  1761954  1762121  
  1762214  1762255  
  1762381  1762464  
  1762693  1762847  
  1762952  1762998  
  1763235  1763332  
  1763751  1763899  
  1763935  1763994  
  1764053  1764148  
  1764443  1764594  
  1764758  1764790  
  1764895  1765001  
  1765064  1765217  
  1765627  1765684  
  1766175  1766273  
  1766635  1766783  
  1767008  1767058  
  1767385  1767470  
  1767494  1767654  
  1767739  1767794  
  1767949  1768050  
  1768408  1768578  
  1768930  1768976  
  1768980  1769070  
  1769451  1769611  
  1770021  1770089  
  1770354  1770468  
  1770737  1770880  
