  117  180  
  213  308  
  766  775  
  1200  1257  
  1675  1737  
  1772  1786  
  1890  1950  
  2122  2141  
  2289  2372  
  2671  2697  
  3181  3213  
  3330  3355  
  3580  3618  
  3738  3817  
  4314  4384  
  4781  4833  
  5255  5333  
  5724  5732  
  5879  5938  
  6422  6438  
  6931  6989  
  7091  7186  
  7528  7592  
  7812  7896  
  8020  8106  
  8321  8378  
  8749  8810  
  8845  8891  
  9341  9404  
  9589  9660  
  9926  9951  
  10393  10460  
  10739  10784  
  10882  10890  
  11123  11194  
  11554  11565  
  11830  11855  
  12051  12096  
  12467  12491  
  12690  12707  
  12850  12902  
  13293  13294  
  13413  13486  
  13978  14059  
  14399  14429  
  14715  14758  
  14780  14841  
  14919  14978  
  15240  15273  
  15724  15809  
  15871  15948  
  16111  16202  
  16245  16291  
  16465  16558  
  16609  16669  
  16981  17023  
  17514  17609  
  17933  17967  
  18328  18414  
  18562  18573  
  18813  18814  
  18817  18876  
  19117  19154  
  19612  19663  
  20026  20103  
  20373  20402  
  20863  20960  
  21442  21486  
  21507  21572  
  21943  22031  
  22442  22468  
  22528  22611  
  22918  23011  
  23066  23151  
  23486  23510  
  23774  23787  
  24206  24219  
  24320  24363  
  24560  24598  
  24939  24946  
  25409  25427  
  25613  25693  
  26133  26142  
  26221  26312  
  26590  26637  
  27112  27122  
  27141  27212  
  27419  27508  
  27770  27820  
  27898  27978  
  28058  28084  
  28551  28586  
  28911  28939  
  28998  29071  
  29397  29459  
  29690  29776  
  30167  30266  
  30397  30436  
  30673  30700  
  30816  30849  
  30923  30956  
  31069  31129  
  31600  31619  
  31693  31711  
  31965  32020  
  32280  32330  
  32593  32611  
  32816  32885  
  32964  33024  
  33359  33429  
  33916  33957  
  34366  34445  
  34882  34956  
  35028  35098  
  35531  35539  
  35859  35896  
  36232  36277  
  36681  36750  
  37161  37163  
  37293  37356  
  37683  37717  
  38148  38185  
  38472  38551  
  38867  38895  
  39046  39144  
  39337  39352  
  39601  39675  
  39783  39849  
  40025  40090  
  40428  40469  
  40930  40958  
  41431  41519  
  41728  41739  
  42236  42304  
  42743  42752  
  43003  43082  
  43383  43458  
  43469  43489  
  43921  43924  
  44002  44004  
  44382  44405  
  44899  44990  
  45338  45404  
  45436  45507  
  45810  45878  
  46371  46423  
  46581  46642  
  46763  46797  
  46892  46943  
  47173  47182  
  47289  47291  
  47444  47496  
  47701  47781  
  47970  48033  
  48478  48490  
  48973  49012  
  49158  49188  
  49259  49336  
  49831  49927  
  50322  50336  
  50424  50451  
  50525  50617  
  50621  50699  
  50771  50839  
  50873  50966  
  51344  51368  
  51700  51777  
  51820  51840  
  52011  52016  
  52186  52235  
  52485  52519  
  52560  52601  
  52872  52904  
  53067  53143  
  53198  53235  
  53299  53344  
  53546  53640  
  53810  53822  
  53971  54007  
  54441  54479  
  54954  54972  
  55210  55282  
  55554  55615  
  55713  55812  
  56087  56141  
  56223  56288  
  56768  56859  
  56940  57013  
  57265  57324  
  57623  57669  
  58080  58112  
  58305  58358  
  58736  58749  
  59110  59141  
  59628  59690  
  60018  60035  
  60377  60397  
  60764  60853  
  60977  61058  
  61553  61628  
  62100  62102  
  62379  62478  
  62940  63002  
  63425  63483  
  63513  63571  
  63842  63904  
  64100  64165  
  64500  64516  
  65003  65024  
  65132  65160  
  65298  65368  
  65856  65880  
  66018  66052  
  66294  66346  
  66734  66738  
  66883  66932  
  67358  67448  
  67920  67938  
  68236  68323  
  68655  68727  
  68862  68927  
  68950  69045  
  69479  69504  
  69625  69650  
  69982  70041  
  70477  70515  
  70595  70685  
  70993  71006  
  71399  71436  
  71756  71824  
  71991  72003  
  72256  72318  
  72447  72546  
  72737  72769  
  73095  73116  
  73124  73142  
  73197  73204  
  73355  73422  
  73569  73662  
  74010  74092  
  74115  74173  
  74407  74463  
  74689  74770  
  75028  75049  
  75254  75273  
  75633  75666  
  76024  76076  
  76141  76179  
  76490  76557  
  76609  76642  
  77054  77119  
  77554  77616  
  78085  78168  
  78227  78292  
  78459  78479  
  78516  78606  
  78831  78922  
  79246  79299  
  79313  79411  
  79787  79796  
  79948  79953  
  80160  80251  
  80636  80693  
  81150  81194  
  81399  81438  
  81461  81505  
  81829  81831  
  81880  81934  
  82150  82198  
  82393  82425  
  82891  82940  
  83304  83336  
  83672  83680  
  83749  83827  
  84262  84298  
  84327  84402  
  84536  84622  
  84966  84999  
  85463  85528  
  85722  85728  
  85994  85998  
  86203  86250  
  86535  86598  
  86854  86864  
  87154  87228  
  87721  87799  
  88280  88344  
  88491  88532  
  88542  88625  
  88776  88803  
  89235  89334  
  89658  89687  
  90083  90173  
  90473  90545  
  90901  90921  
  91364  91411  
  91662  91737  
  91962  92037  
  92365  92447  
  92810  92857  
  92945  92991  
  93490  93519  
  93586  93596  
  93933  93981  
  94446  94542  
  94755  94793  
  94996  95040  
  95151  95181  
  95655  95700  
  95994  96025  
  96103  96131  
  96193  96244  
  96635  96731  
  96884  96908  
  97268  97339  
  97399  97448  
  97514  97516  
  98011  98083  
  98168  98246  
  98599  98690  
  98998  99092  
  99406  99411  
  99421  99476  
  99921  99948  
  99990  100019  
  100460  100468  
  100535  100571  
  100929  100997  
  101008  101094  
  101146  101229  
  101636  101666  
  101962  102043  
  102171  102238  
  102247  102253  
  102687  102762  
  102882  102885  
  103369  103430  
  103691  103749  
  103942  103972  
  104373  104380  
  104827  104864  
  104894  104928  
  104930  104959  
  105327  105375  
  105609  105619  
  105729  105818  
  106160  106196  
  106694  106764  
  107226  107272  
  107601  107640  
  108019  108099  
  108364  108420  
  108590  108650  
  108671  108748  
  109057  109092  
  109428  109524  
  109608  109662  
  109967  109980  
  110391  110412  
  110558  110578  
  110683  110763  
  111131  111225  
  111719  111743  
  112092  112144  
  112173  112235  
  112635  112651  
  113054  113108  
  113311  113400  
  113804  113851  
  114310  114354  
  114581  114660  
  114987  115055  
  115197  115262  
  115277  115330  
  115808  115817  
  116194  116259  
  116567  116600  
  117046  117079  
  117120  117141  
  117588  117673  
  118099  118115  
  118412  118451  
  118819  118898  
  119083  119136  
  119160  119259  
  119404  119493  
  119671  119737  
  120177  120184  
  120288  120372  
  120539  120602  
  120879  120882  
  121039  121070  
  121448  121536  
  122010  122089  
  122565  122611  
  123101  123182  
  123535  123570  
  123872  123931  
  124223  124285  
  124570  124642  
  124882  124981  
  125110  125123  
  125334  125369  
  125626  125725  
  126100  126194  
  126327  126353  
  126397  126463  
  126776  126832  
  127055  127105  
  127357  127415  
  127801  127894  
  128343  128387  
  128526  128578  
  128610  128649  
  129111  129140  
  129562  129616  
  129906  129950  
  130388  130408  
  130605  130631  
  130765  130850  
  131198  131247  
  131428  131467  
  131848  131864  
  132030  132067  
  132254  132342  
  132419  132479  
  132907  132999  
  133181  133246  
  133392  133476  
  133948  133959  
  134151  134160  
  134602  134642  
  134839  134857  
  135030  135056  
  135107  135125  
  135531  135627  
  135697  135713  
  135856  135880  
  135912  135957  
  136449  136520  
  136541  136598  
  136705  136725  
  136966  136967  
  137166  137247  
  137470  137536  
  137540  137561  
  137891  137898  
  138070  138117  
  138217  138293  
  138714  138765  
  139222  139250  
  139501  139582  
  139840  139869  
  140163  140227  
  140432  140469  
  140879  140943  
  141282  141347  
  141784  141845  
  142310  142361  
  142770  142779  
  143230  143284  
  143447  143517  
  143602  143609  
  143715  143738  
  144086  144097  
  144384  144471  
  144498  144564  
  144678  144734  
  145167  145196  
  145374  145431  
  145778  145852  
  146114  146162  
  146313  146360  
  146582  146662  
  146964  146981  
  147215  147219  
  147449  147520  
  147809  147850  
  148063  148150  
  148268  148359  
  148804  148889  
  149382  149421  
  149617  149646  
  150082  150128  
  150203  150272  
  150491  150493  
  150642  150680  
  151118  151169  
  151340  151401  
  151620  151675  
  151858  151939  
  151944  152010  
  152086  152162  
  152353  152427  
  152850  152896  
  153163  153176  
  153577  153654  
  153743  153770  
  154126  154203  
  154543  154585  
  154712  154786  
  155149  155171  
  155253  155283  
  155410  155420  
  155592  155676  
  156152  156153  
  156344  156375  
  156806  156870  
  157160  157207  
  157472  157541  
  158037  158127  
  158323  158367  
  158725  158728  
  158770  158831  
  158868  158939  
  159137  159180  
  159362  159371  
  159759  159836  
  160267  160276  
  160380  160437  
  160643  160673  
  160940  160971  
  161017  161077  
  161509  161535  
  161625  161661  
  161704  161713  
  161775  161783  
  162095  162141  
  162438  162451  
  162895  162967  
  163203  163234  
  163561  163599  
  163862  163889  
  164272  164288  
  164333  164352  
  164473  164567  
  164802  164849  
  165086  165154  
  165308  165372  
  165376  165454  
  165854  165902  
  166048  166061  
  166396  166398  
  166467  166565  
  166598  166691  
  166897  166904  
  167004  167071  
  167199  167243  
  167641  167686  
  167891  167977  
  168414  168468  
  168513  168547  
  168597  168613  
  168741  168770  
  168792  168842  
  168879  168888  
  169061  169101  
  169466  169471  
  169751  169788  
  170120  170150  
  170242  170282  
  170459  170552  
  170622  170650  
  171040  171075  
  171340  171394  
  171600  171650  
  171742  171759  
  172218  172311  
  172656  172659  
  173065  173103  
  173302  173342  
  173422  173435  
  173883  173916  
  174234  174313  
  174439  174517  
  174887  174966  
  175027  175097  
  175471  175535  
  175825  175833  
  176288  176312  
  176597  176638  
  176830  176884  
  177242  177313  
  177533  177593  
  177997  178037  
  178490  178589  
  178962  179059  
  179369  179416  
  179492  179525  
  179619  179643  
  179870  179907  
  180272  180300  
  180700  180766  
  180780  180845  
  180980  180995  
  181230  181268  
  181432  181493  
  181979  182047  
  182077  182122  
  182126  182133  
  182178  182277  
  182670  182711  
  182785  182804  
  182983  183081  
  183247  183344  
  183740  183747  
  184165  184212  
  184547  184586  
  184857  184956  
  185451  185459  
  185536  185620  
  185962  185983  
  186432  186479  
  186704  186741  
  187187  187255  
  187372  187376  
  187796  187817  
  187845  187863  
  188235  188309  
  188626  188695  
  188807  188855  
  189340  189426  
  189781  189789  
  189828  189879  
  190239  190252  
  190459  190473  
  190945  191034  
  191116  191209  
  191424  191454  
  191475  191573  
  191983  192024  
  192193  192285  
  192302  192357  
  192566  192617  
  192756  192792  
  193272  193367  
  193611  193688  
  193713  193789  
  194051  194135  
  194584  194648  
  195141  195168  
  195256  195270  
  195508  195596  
  195921  195928  
  196004  196047  
  196295  196369  
  196504  196591  
  196880  196948  
  197403  197475  
  197875  197950  
  198123  198130  
  198496  198503  
  198686  198745  
  199016  199048  
  199329  199426  
  199906  199970  
  200036  200048  
  200388  200467  
  200771  200797  
  201053  201145  
  201317  201357  
  201359  201392  
  201654  201655  
  201915  201977  
  202165  202210  
  202445  202489  
  202935  202956  
  203111  203197  
  203566  203624  
  203843  203895  
  204089  204109  
  204470  204491  
  204791  204818  
  204988  205071  
  205444  205449  
  205816  205833  
  206071  206136  
  206601  206617  
  206815  206914  
  206916  206988  
  207227  207235  
  207569  207625  
  208038  208075  
  208197  208278  
  208421  208452  
  208742  208839  
  208869  208936  
  209383  209472  
  209790  209827  
  210059  210067  
  210321  210391  
  210612  210638  
  210703  210779  
  211169  211246  
  211343  211352  
  211757  211848  
  212306  212315  
  212443  212468  
  212934  212957  
  213153  213188  
  213359  213366  
  213549  213607  
  213794  213834  
  214094  214106  
  214457  214523  
  214668  214735  
  215168  215211  
  215623  215651  
  215832  215900  
  216226  216232  
  216421  216450  
  216677  216761  
  217077  217130  
  217434  217522  
  217569  217635  
  217856  217892  
  218288  218379  
  218777  218842  
  218971  219053  
  219459  219496  
  219974  220020  
  220463  220530  
  220623  220667  
  220725  220738  
  220871  220896  
  221372  221400  
  221447  221474  
  221804  221871  
  221905  221913  
  222364  222395  
  222874  222913  
  223390  223458  
  223891  223917  
  223977  224009  
  224285  224373  
  224750  224820  
  224889  224962  
  225311  225398  
  225789  225868  
  226267  226355  
  226436  226455  
  226863  226894  
  227263  227351  
  227643  227645  
  227945  227988  
  228002  228028  
  228382  228431  
  228501  228518  
  228980  229028  
  229490  229530  
  229679  229727  
  229999  230071  
  230176  230227  
  230609  230613  
  230931  230995  
  231268  231317  
  231767  231848  
  232244  232258  
  232586  232606  
  232640  232729  
  232971  232997  
  233117  233187  
  233444  233527  
  233890  233966  
  234450  234527  
  234560  234596  
  235021  235063  
  235120  235200  
  235525  235550  
  235751  235828  
  235904  235951  
  236336  236342  
  236767  236841  
  236978  237037  
  237071  237144  
  237563  237654  
  237963  237984  
  238248  238315  
  238437  238472  
  238605  238611  
  239043  239127  
  239254  239294  
  239762  239811  
  240247  240284  
  240394  240397  
  240421  240498  
  240951  240974  
  241402  241472  
  241752  241760  
  241959  242034  
  242274  242327  
  242632  242637  
  242969  243015  
  243213  243265  
  243552  243616  
  243934  244022  
  244236  244260  
  244352  244358  
  244750  244772  
  245035  245050  
  245533  245578  
  245743  245762  
  245970  245992  
  245995  246021  
  246095  246177  
  246406  246459  
  246502  246595  
  246626  246705  
  246849  246874  
  246939  246996  
  247243  247317  
  247324  247361  
  247525  247559  
  247888  247986  
  248239  248271  
  248687  248716  
  248889  248913  
  249042  249064  
  249256  249305  
  249500  249547  
  249665  249676  
  250167  250225  
  250579  250633  
  250786  250883  
  250978  251022  
  251220  251314  
  251706  251749  
  251863  251956  
  252292  252330  
  252529  252555  
  252879  252955  
  252987  253024  
  253224  253255  
  253700  253715  
  254150  254229  
  254430  254487  
  254665  254675  
  255059  255121  
  255508  255575  
  255843  255917  
  255954  255990  
  256116  256212  
  256543  256622  
  256859  256949  
  257389  257457  
  257816  257821  
  258296  258322  
  258813  258893  
  258988  259083  
  259173  259193  
  259373  259417  
  259712  259788  
  260250  260345  
  260347  260377  
  260839  260905  
  260993  261059  
  261075  261105  
  261334  261356  
  261821  261886  
  261973  262028  
  262199  262205  
  262438  262522  
  262938  263017  
  263098  263168  
  263643  263691  
  263844  263846  
  264158  264188  
  264305  264342  
  264379  264466  
  264933  264953  
  265090  265148  
  265207  265285  
  265428  265492  
  265503  265513  
  265778  265812  
  265936  266033  
  266523  266536  
  266643  266646  
  266770  266781  
  266919  266978  
  267369  267380  
  267585  267588  
  267844  267928  
  268181  268200  
  268233  268312  
  268690  268696  
  268970  269006  
  269473  269485  
  269839  269850  
  269878  269895  
  270263  270357  
  270373  270438  
  270572  270593  
  270953  271045  
  271115  271136  
  271624  271706  
  272071  272087  
  272458  272535  
  272804  272840  
  273235  273260  
  273714  273736  
  274224  274235  
  274547  274630  
  274971  274978  
  275140  275182  
  275409  275450  
  275849  275864  
  276255  276311  
  276605  276614  
  277015  277070  
  277509  277560  
  277965  277984  
  278480  278554  
  278841  278894  
  279143  279177  
  279194  279292  
  279692  279754  
  280196  280197  
  280477  280551  
  280652  280697  
  280967  281044  
  281311  281397  
  281475  281548  
  281723  281777  
  281799  281873  
  282193  282261  
  282748  282801  
  283052  283123  
  283510  283547  
  283610  283671  
  283894  283936  
  284212  284297  
  284535  284555  
  284701  284796  
  285086  285125  
  285412  285429  
  285895  285903  
  286299  286309  
  286357  286394  
  286777  286832  
  287162  287163  
  287623  287688  
  287821  287848  
  288074  288129  
  288626  288645  
  288757  288782  
  289021  289041  
  289184  289248  
  289573  289577  
  290033  290112  
  290525  290617  
  291115  291159  
  291516  291594  
  291706  291722  
  291837  291924  
  292317  292370  
  292645  292653  
  293082  293093  
  293270  293321  
  293546  293555  
  293926  293955  
  294183  294193  
  294424  294426  
  294471  294538  
  294542  294565  
  294904  294997  
  295089  295118  
  295339  295393  
  295795  295822  
  296191  296221  
  296550  296644  
  297117  297130  
  297203  297237  
  297584  297627  
  298014  298085  
  298136  298159  
  298232  298314  
  298495  298540  
  298776  298843  
  299269  299315  
  299685  299719  
  299865  299883  
  300242  300283  
  300559  300608  
  300889  300963  
  301440  301452  
  301634  301706  
  301759  301841  
  301998  302075  
  302324  302415  
  302837  302887  
  303148  303158  
  303396  303419  
  303527  303569  
  303654  303694  
  304167  304215  
  304610  304668  
  304890  304940  
  305026  305029  
  305267  305348  
  305804  305814  
  306010  306011  
  306193  306239  
  306322  306403  
  306690  306729  
  306902  306943  
  306973  307026  
  307037  307121  
  307425  307489  
  307987  307988  
  308071  308108  
  308442  308506  
  308930  308950  
  309183  309272  
  309362  309422  
  309650  309653  
  309834  309883  
  310105  310147  
  310379  310459  
  310644  310646  
  310707  310715  
  310794  310848  
  311303  311317  
  311430  311445  
  311773  311787  
  312229  312266  
  312433  312480  
  312710  312726  
  313151  313193  
  313635  313704  
  313980  314018  
  314424  314456  
  314809  314858  
  315070  315153  
  315189  315281  
  315339  315369  
  315571  315655  
  315666  315667  
  315811  315876  
  316214  316242  
  316519  316591  
  316771  316850  
  316857  316952  
  317305  317369  
  317778  317826  
  317851  317869  
  318053  318080  
  318083  318093  
  318540  318580  
  318999  319052  
  319072  319128  
  319516  319604  
  320071  320125  
  320194  320210  
  320233  320266  
  320441  320530  
  320543  320613  
  320786  320830  
  321110  321111  
  321602  321659  
  322059  322114  
  322438  322478  
  322888  322966  
  323158  323232  
  323506  323590  
  323918  323949  
  324343  324366  
  324513  324517  
  324575  324609  
  324711  324761  
  325259  325338  
  325648  325681  
  326049  326098  
  326533  326544  
  326873  326931  
  326941  327016  
  327400  327454  
  327817  327838  
  328118  328213  
  328634  328647  
  329001  329064  
  329553  329603  
  329910  329963  
  330368  330465  
  330810  330826  
  331314  331406  
  331450  331535  
  332030  332096  
  332192  332251  
  332523  332554  
  332961  333055  
  333514  333537  
  333770  333775  
  334095  334191  
  334336  334367  
  334383  334408  
  334869  334871  
  335041  335135  
  335408  335447  
  335735  335808  
  336062  336071  
  336217  336240  
  336368  336445  
  336669  336741  
  337180  337234  
  337718  337770  
  337796  337839  
  338125  338149  
  338262  338272  
  338378  338472  
  338767  338792  
  339059  339071  
  339412  339479  
  339867  339951  
  340312  340374  
  340654  340666  
  341002  341028  
  341196  341261  
  341748  341770  
  342205  342299  
  342713  342784  
  343258  343299  
  343429  343509  
  343829  343860  
  343895  343989  
  344219  344284  
  344347  344394  
  344419  344488  
  344930  344966  
  345256  345324  
  345438  345516  
  345874  345959  
  346426  346490  
  346702  346783  
  346998  347046  
  347355  347381  
  347717  347758  
  347905  347913  
  348056  348098  
  348116  348122  
  348312  348342  
  348692  348716  
  348781  348816  
  348854  348944  
  348989  349014  
  349326  349373  
  349682  349745  
  349914  350001  
  350334  350433  
  350617  350638  
  351128  351222  
  351478  351551  
  351728  351773  
  352117  352180  
  352494  352534  
  353032  353102  
  353589  353656  
  354037  354111  
  354550  354609  
  355102  355107  
  355527  355588  
  356062  356143  
  356319  356387  
  356654  356718  
  356906  356912  
  357228  357276  
  357775  357799  
  358080  358138  
  358159  358178  
  358567  358572  
  358644  358712  
  358816  358819  
  358996  359067  
  359232  359279  
  359570  359628  
  359815  359851  
  360332  360385  
  360868  360956  
  361167  361244  
  361434  361440  
  361753  361835  
  361935  361997  
  362402  362472  
  362844  362903  
  363032  363073  
  363195  363276  
  363688  363768  
  363897  363942  
  364004  364024  
  364381  364433  
  364845  364921  
  365403  365441  
  365738  365793  
  366111  366143  
  366625  366705  
  366988  367084  
  367117  367211  
  367237  367250  
  367675  367742  
  368183  368266  
  368739  368789  
  369250  369270  
  369460  369509  
  369944  370036  
  370324  370374  
  370468  370535  
  371031  371125  
  371571  371611  
  371622  371673  
  371885  371901  
  372318  372348  
  372673  372750  
  372960  373000  
  373375  373388  
  373422  373442  
  373620  373688  
  374166  374174  
  374643  374740  
  374962  375008  
  375048  375057  
  375242  375330  
  375355  375443  
  375642  375682  
  375913  375995  
  376302  376393  
  376571  376652  
  377049  377148  
  377644  377665  
  378113  378124  
  378188  378223  
  378451  378522  
  378536  378567  
  379055  379144  
  379488  379560  
  379628  379693  
  379825  379879  
  380356  380424  
  380738  380801  
  381091  381135  
  381198  381265  
  381604  381630  
  381905  381953  
  382217  382280  
  382632  382709  
  382823  382833  
  383257  383286  
  383537  383610  
  383914  383948  
  384228  384277  
  384748  384775  
  384836  384927  
  385287  385303  
  385766  385842  
  386068  386099  
  386487  386505  
  386625  386659  
  386810  386838  
  387303  387395  
  387628  387662  
  387778  387837  
  387878  387902  
  388127  388143  
  388369  388383  
  388823  388834  
  389317  389416  
  389598  389688  
  390179  390212  
  390254  390319  
  390361  390408  
  390882  390940  
  391293  391294  
  391629  391646  
  391886  391931  
  392001  392074  
  392438  392444  
  392450  392460  
  392876  392926  
  393372  393447  
  393520  393551  
  393606  393682  
  393697  393734  
  393850  393913  
  394345  394362  
  394512  394549  
  394986  395007  
  395336  395337  
  395614  395678  
  396132  396224  
  396475  396482  
  396965  396986  
  397202  397284  
  397442  397453  
  397502  397555  
  397954  397977  
  398399  398482  
  398791  398792  
  398836  398845  
  398980  398991  
  399098  399114  
  399272  399356  
  399499  399569  
  399791  399800  
  400276  400317  
  400508  400516  
  400547  400561  
  401016  401057  
  401328  401367  
  401509  401546  
  401808  401880  
  402362  402424  
  402774  402826  
  403299  403303  
  403425  403454  
  403734  403807  
  404070  404145  
  404572  404606  
  404792  404847  
  405316  405392  
  405400  405405  
  405699  405785  
  406054  406137  
  406236  406316  
  406344  406441  
  406515  406603  
  406610  406663  
  406963  407030  
  407307  407401  
  407699  407751  
  407864  407874  
  408286  408288  
  408434  408452  
  408486  408549  
  408681  408765  
  409212  409271  
  409443  409524  
  409597  409633  
  409949  410033  
  410353  410396  
  410847  410922  
  411107  411176  
  411542  411619  
  411862  411913  
  412385  412436  
  412883  412982  
  413065  413114  
  413538  413591  
  414008  414035  
  414271  414327  
  414763  414801  
  415220  415244  
  415390  415401  
  415427  415484  
  415515  415591  
  415687  415747  
  416195  416205  
  416495  416590  
  417027  417121  
  417343  417416  
  417815  417861  
  418020  418091  
  418104  418180  
  418231  418239  
  418396  418490  
  418566  418581  
  418784  418861  
  419264  419300  
  419508  419592  
  419870  419918  
  420261  420265  
  420695  420714  
  421135  421176  
  421376  421446  
  421470  421515  
  421623  421665  
  421928  421953  
  422361  422418  
  422788  422860  
  422971  423016  
  423321  423355  
  423761  423851  
  423893  423965  
  424348  424415  
  424532  424535  
  424567  424584  
  424628  424703  
  424847  424912  
  425021  425119  
  425193  425254  
  425543  425602  
  425692  425727  
  425728  425762  
  425763  425848  
  426098  426189  
  426331  426363  
  426623  426624  
  427091  427128  
  427276  427279  
  427338  427396  
  427780  427877  
  428176  428235  
  428481  428510  
  428701  428711  
  428850  428879  
  429011  429058  
  429428  429436  
  429885  429894  
  430349  430412  
  430645  430712  
  431087  431177  
  431484  431514  
  431824  431839  
  432143  432212  
  432385  432420  
  432694  432774  
  432840  432919  
  433302  433382  
  433709  433796  
  434069  434090  
  434492  434556  
  434614  434663  
  434729  434759  
  435151  435152  
  435581  435654  
  435728  435814  
  436141  436171  
  436430  436527  
  436530  436608  
  436956  437000  
  437382  437480  
  437732  437807  
  438262  438351  
  438428  438486  
  438597  438682  
  438687  438769  
  439174  439262  
  439729  439748  
  439791  439862  
  440186  440248  
  440301  440307  
  440624  440720  
  440866  440938  
  441380  441406  
  441580  441607  
  441974  441992  
  442491  442512  
  442560  442588  
  442812  442858  
  442997  443048  
  443407  443477  
  443524  443596  
  443625  443635  
  444001  444082  
  444201  444297  
  444420  444507  
  444859  444885  
  445002  445057  
  445358  445379  
  445425  445460  
  445911  445986  
  446240  446260  
  446572  446620  
  446956  447022  
  447163  447212  
  447390  447409  
  447478  447577  
  447848  447944  
  448061  448122  
  448386  448431  
  448914  448976  
  448981  449066  
  449295  449329  
  449697  449771  
  450215  450275  
  450720  450737  
  451051  451122  
  451454  451475  
  451854  451949  
  452269  452291  
  452533  452540  
  452624  452676  
  452955  452998  
  453324  453409  
  453486  453493  
  453904  453990  
  454227  454308  
  454335  454397  
  454444  454529  
  454656  454718  
  454800  454821  
  455038  455109  
  455114  455122  
  455173  455243  
  455652  455698  
  455894  455967  
  456021  456100  
  456577  456642  
  456648  456674  
  456919  456996  
  457083  457131  
  457591  457680  
  457701  457774  
  458187  458205  
  458587  458623  
  458761  458786  
  459208  459239  
  459560  459572  
  459933  459990  
  460186  460251  
  460371  460422  
  460879  460964  
  461182  461252  
  461598  461625  
  461657  461692  
  462122  462213  
  462659  462707  
  463189  463198  
  463589  463649  
  463744  463825  
  463914  463984  
  464130  464200  
  464353  464427  
  464434  464450  
  464892  464931  
  465323  465375  
  465564  465644  
  465962  465974  
  466378  466429  
  466462  466508  
  466943  466991  
  467466  467553  
  467619  467679  
  467984  468004  
  468077  468172  
  468626  468718  
  469050  469120  
  469164  469232  
  469269  469361  
  469811  469840  
  469940  470030  
  470140  470179  
  470519  470602  
  470870  470879  
  471087  471149  
  471189  471238  
  471481  471559  
  471747  471760  
  471887  471957  
  472300  472333  
  472410  472509  
  472971  473029  
  473339  473403  
  473798  473893  
  473926  474015  
  474095  474180  
  474640  474735  
  475113  475209  
  475349  475386  
  475844  475907  
  475923  476004  
  476276  476346  
  476721  476761  
  477005  477096  
  477295  477355  
  477382  477398  
  477558  477611  
  478068  478109  
  478400  478455  
  478691  478781  
  478940  478953  
  479407  479416  
  479872  479964  
  480239  480275  
  480698  480744  
  480885  480952  
  481076  481160  
  481552  481589  
  481890  481948  
  482068  482086  
  482295  482383  
  482461  482471  
  482555  482604  
  482942  482973  
  483422  483434  
  483721  483764  
  484236  484263  
  484528  484591  
  484713  484796  
  484938  484958  
  485419  485481  
  485751  485755  
  486006  486104  
  486309  486395  
  486715  486724  
  487077  487082  
  487201  487214  
  487681  487777  
  487895  487904  
  488034  488044  
  488322  488415  
  488550  488560  
  488640  488697  
  488827  488862  
  489286  489347  
  489410  489428  
  489816  489832  
  489845  489929  
  490238  490336  
  490472  490481  
  490495  490546  
  490750  490772  
  491124  491212  
  491677  491695  
  491725  491763  
  491799  491870  
  491989  492028  
  492089  492129  
  492166  492253  
  492343  492347  
  492783  492829  
  493254  493333  
  493760  493795  
  494070  494101  
  494317  494337  
  494782  494864  
  494907  494943  
  495251  495285  
  495465  495532  
  495883  495927  
  496262  496350  
  496848  496937  
  497039  497113  
  497356  497391  
  497425  497523  
  497602  497604  
  498030  498057  
  498067  498135  
  498226  498309  
  498592  498632  
  498809  498880  
  499336  499406  
  499813  499834  
  500090  500101  
  500286  500319  
  500549  500571  
  500990  501076  
  501127  501164  
  501266  501346  
  501535  501548  
  501680  501711  
  501732  501806  
  502028  502045  
  502371  502455  
  502915  502935  
  503101  503173  
  503493  503516  
  503868  503902  
  504394  504411  
  504665  504748  
  504893  504928  
  505022  505119  
  505513  505594  
  505812  505859  
  505888  505938  
  506397  506414  
  506466  506478  
  506809  506842  
  506954  506975  
  507233  507284  
  507361  507433  
  507556  507612  
  507701  507707  
  507744  507748  
  508147  508155  
  508352  508443  
  508517  508597  
  509031  509056  
  509117  509204  
  509665  509750  
  510021  510028  
  510041  510085  
  510122  510184  
  510247  510252  
  510579  510597  
  510894  510971  
  511115  511165  
  511224  511270  
  511512  511554  
  512008  512040  
  512083  512149  
  512189  512260  
  512302  512323  
  512549  512582  
  512855  512925  
  513010  513089  
  513122  513171  
  513286  513365  
  513410  513502  
  513647  513682  
  513807  513896  
  514337  514414  
  514531  514579  
  514816  514826  
  514972  515056  
  515425  515472  
  515809  515858  
  516013  516024  
  516190  516223  
  516284  516285  
  516692  516724  
  516947  517001  
  517426  517517  
  517736  517813  
  517988  518034  
  518072  518077  
  518162  518203  
  518530  518620  
  519093  519119  
  519590  519623  
  519915  519996  
  520186  520270  
  520527  520568  
  520955  521031  
  521054  521127  
  521461  521534  
  521723  521741  
  521742  521835  
  522195  522201  
  522421  522503  
  522947  523018  
  523302  523327  
  523773  523849  
  524110  524203  
  524524  524567  
  524618  524689  
  524903  524931  
  524946  524958  
  525313  525328  
  525664  525695  
  526115  526158  
  526595  526599  
  526914  526994  
  527171  527201  
  527506  527540  
  528010  528014  
  528278  528371  
  528503  528531  
  528763  528784  
  529191  529262  
  529520  529547  
  529773  529860  
  529953  529969  
  530068  530132  
  530369  530389  
  530424  530445  
  530506  530558  
  530573  530672  
  530728  530794  
  531136  531137  
  531428  531516  
  531771  531854  
  532322  532372  
  532721  532752  
  532759  532795  
  533145  533190  
  533421  533453  
  533848  533904  
  534125  534207  
  534347  534420  
  534809  534836  
  534888  534936  
  535316  535411  
  535598  535638  
  535994  536061  
  536509  536568  
  536751  536847  
  537164  537210  
  537501  537516  
  537853  537916  
  538270  538368  
  538574  538642  
  539003  539027  
  539458  539552  
  539800  539844  
  539866  539954  
  540297  540336  
  540644  540708  
  540793  540850  
  541143  541188  
  541569  541624  
  541788  541865  
  541902  541993  
  542258  542279  
  542280  542322  
  542643  542654  
  542828  542836  
  542966  542987  
  543031  543125  
  543438  543494  
  543815  543859  
  544023  544068  
  544095  544115  
  544483  544496  
  544995  545028  
  545318  545410  
  545705  545757  
  546176  546180  
  546402  546425  
  546763  546802  
  546914  546989  
  547142  547153  
  547154  547188  
  547318  547415  
  547693  547696  
  548077  548143  
  548180  548242  
  548327  548330  
  548395  548466  
  548732  548776  
  549167  549178  
  549193  549259  
  549703  549795  
  549806  549822  
  550097  550156  
  550252  550269  
  550537  550574  
  550770  550806  
  550850  550900  
  551105  551158  
  551288  551378  
  551475  551555  
  551732  551735  
  551814  551842  
  552119  552135  
  552237  552254  
  552386  552423  
  552425  552433  
  552840  552890  
  552947  553018  
  553100  553144  
  553432  553515  
  553779  553850  
  554235  554257  
  554575  554669  
  554816  554818  
  555199  555257  
  555366  555396  
  555836  555916  
  555993  556088  
  556423  556461  
  556596  556613  
  556652  556677  
  557046  557141  
  557184  557185  
  557418  557487  
  557781  557783  
  557993  558062  
  558135  558213  
  558332  558388  
  558633  558661  
  559138  559188  
  559244  559292  
  559551  559604  
  559717  559736  
  560211  560236  
  560328  560345  
  560673  560751  
  560808  560879  
  561165  561179  
  561585  561613  
  561915  561933  
  562361  562455  
  562535  562593  
  562961  562976  
  563334  563376  
  563643  563727  
  563885  563891  
  564289  564320  
  564609  564665  
  564914  564924  
  565182  565212  
  565462  565488  
  565599  565656  
  565855  565945  
  566086  566165  
  566563  566658  
  566834  566905  
  566984  567036  
  567172  567191  
  567251  567317  
  567581  567680  
  567850  567860  
  568158  568240  
  568563  568617  
  569096  569142  
  569532  569596  
  569997  570049  
  570089  570185  
  570400  570489  
  570682  570739  
  571111  571161  
  571629  571653  
  571904  571935  
  572376  572422  
  572596  572620  
  573018  573068  
  573371  573375  
  573549  573640  
  573800  573882  
  574375  574412  
  574770  574812  
  574817  574914  
  575232  575278  
  575335  575340  
  575769  575792  
  576112  576153  
  576205  576207  
  576357  576442  
  576824  576851  
  577007  577021  
  577406  577494  
  577956  577990  
  578454  578515  
  578788  578791  
  578922  579002  
  579437  579498  
  579868  579899  
  580011  580020  
  580390  580395  
  580604  580690  
  580841  580905  
  580951  580970  
  581364  581405  
  581842  581900  
  581955  581963  
  582108  582195  
  582565  582614  
  582777  582800  
  582998  583090  
  583356  583363  
  583626  583718  
  584102  584125  
  584597  584688  
  584727  584783  
  585224  585261  
  585643  585670  
  586047  586075  
  586417  586508  
  586558  586632  
  586649  586654  
  586789  586873  
  587155  587249  
  587698  587728  
  587779  587820  
  587940  588036  
  588186  588207  
  588255  588292  
  588561  588590  
  588837  588936  
  589309  589351  
  589759  589773  
  589804  589808  
  590287  590375  
  590404  590471  
  590866  590938  
  591083  591129  
  591366  591448  
  591626  591642  
  591785  591807  
  592233  592247  
  592577  592607  
  592771  592863  
  593125  593208  
  593645  593713  
  594041  594074  
  594548  594618  
  594927  594944  
  594966  595035  
  595173  595240  
  595272  595343  
  595682  595685  
  596008  596020  
  596484  596564  
  596685  596769  
  596946  597028  
  597191  597259  
  597529  597614  
  597993  598073  
  598482  598555  
  598857  598931  
  599187  599193  
  599692  599703  
  599911  600008  
  600187  600207  
  600302  600318  
  600663  600693  
  601073  601167  
  601362  601363  
  601376  601431  
  601674  601757  
  601784  601838  
  602069  602112  
  602474  602554  
  602872  602943  
  603036  603052  
  603203  603300  
  603479  603494  
  603692  603767  
  604239  604246  
  604457  604551  
  604949  604987  
  605211  605296  
  605470  605494  
  605967  605985  
  606075  606172  
  606524  606553  
  606946  607015  
  607435  607473  
  607767  607788  
  608132  608189  
  608453  608529  
  608571  608610  
  609035  609090  
  609546  609614  
  609704  609775  
  610220  610252  
  610514  610561  
  610667  610765  
  611196  611217  
  611363  611396  
  611861  611899  
  612363  612385  
  612576  612624  
  612643  612701  
  613007  613033  
  613331  613373  
  613436  613489  
  613955  614005  
  614035  614089  
  614389  614419  
  614634  614727  
  615128  615163  
  615544  615630  
  616067  616149  
  616624  616680  
  616757  616848  
  617038  617120  
  617614  617645  
  617811  617889  
  618149  618164  
  618225  618310  
  618703  618753  
  619171  619264  
  619370  619451  
  619804  619858  
  620078  620166  
  620310  620360  
  620642  620699  
  620992  621052  
  621307  621340  
  621681  621742  
  621980  622074  
  622503  622542  
  622702  622744  
  622976  622982  
  623137  623216  
  623525  623568  
  623951  624020  
  624425  624490  
  624856  624928  
  625374  625412  
  625414  625475  
  625655  625719  
  626183  626215  
  626468  626567  
  626693  626751  
  626830  626904  
  627000  627004  
  627099  627120  
  627291  627373  
  627522  627536  
  628000  628036  
  628231  628264  
  628583  628587  
  629046  629076  
  629232  629329  
  629616  629632  
  629810  629859  
  629922  629985  
  630476  630532  
  630721  630766  
  630788  630829  
  630907  630920  
  631101  631157  
  631619  631653  
  631800  631855  
  632187  632189  
  632329  632407  
  632465  632532  
  632960  633049  
  633178  633186  
  633270  633357  
  633615  633693  
  633822  633858  
  634193  634277  
  634352  634417  
  634650  634681  
  634769  634826  
  635251  635330  
  635755  635759  
  636254  636279  
  636703  636716  
  636738  636775  
  637044  637123  
  637454  637520  
  637880  637951  
  638257  638295  
  638732  638797  
  639182  639253  
  639742  639837  
  639940  639978  
  640472  640552  
  640703  640704  
  641202  641288  
  641573  641586  
  641780  641787  
  642033  642112  
  642205  642301  
  642395  642480  
  642912  643009  
  643333  643432  
  643931  643999  
  644125  644126  
  644622  644708  
  645100  645127  
  645397  645417  
  645607  645648  
  646097  646172  
  646372  646424  
  646447  646540  
  646560  646567  
  646758  646769  
  647256  647277  
  647378  647447  
  647778  647815  
  648171  648204  
  648212  648234  
  648455  648522  
  648671  648758  
  649071  649091  
  649261  649317  
  649730  649741  
  649897  649935  
  650292  650354  
  650389  650413  
  650422  650477  
  650862  650941  
  651278  651345  
  651407  651498  
  651883  651891  
  651941  652021  
  652245  652293  
  652635  652667  
  653062  653135  
  653268  653293  
  653320  653343  
  653740  653811  
  653937  654036  
  654149  654238  
  654434  654524  
  654532  654554  
  654654  654709  
  654897  654930  
  655229  655313  
  655687  655705  
  655787  655814  
  656007  656104  
  656128  656225  
  656596  656613  
  656920  656955  
  657451  657525  
  657926  657956  
  658385  658446  
  658787  658873  
  658968  658997  
  659217  659290  
  659507  659534  
  659872  659950  
  660301  660395  
  660648  660682  
  661099  661183  
  661272  661290  
  661428  661468  
  661783  661785  
  661986  662084  
  662423  662452  
  662909  662921  
  663144  663238  
  663604  663615  
  663759  663767  
  664142  664206  
  664412  664434  
  664446  664516  
  664634  664648  
  664678  664705  
  664900  664949  
  665177  665178  
  665282  665284  
  665554  665578  
  665760  665786  
  665862  665911  
  666163  666177  
  666260  666266  
  666611  666703  
  667072  667131  
  667241  667335  
  667697  667783  
  668252  668316  
  668428  668487  
  668896  668987  
  669398  669408  
  669781  669866  
  670271  670327  
  670794  670834  
  670875  670892  
  671350  671358  
  671820  671911  
  672271  672319  
  672390  672435  
  672600  672631  
  672955  672995  
  673043  673082  
  673401  673438  
  673746  673762  
  673912  673936  
  673959  673972  
  674094  674151  
  674178  674197  
  674314  674354  
  674693  674712  
  674868  674957  
  674974  675020  
  675398  675459  
  675536  675581  
  676043  676094  
  676270  676352  
  676723  676733  
  677219  677295  
  677567  677630  
  677803  677836  
  678240  678291  
  678461  678551  
  679000  679079  
  679471  679507  
  679611  679691  
  679730  679758  
  679973  680050  
  680422  680497  
  680583  680621  
  680998  681048  
  681242  681301  
  681327  681401  
  681624  681629  
  681634  681664  
  681778  681799  
  682018  682065  
  682465  682528  
  682901  682994  
  683077  683116  
  683457  683475  
  683572  683633  
  684063  684064  
  684099  684101  
  684586  684629  
  684758  684816  
  685254  685277  
  685319  685349  
  685466  685472  
  685723  685762  
  686238  686245  
  686504  686578  
  686936  686937  
  687259  687292  
  687548  687615  
  687669  687677  
  687850  687922  
  688286  688380  
  688699  688755  
  689181  689219  
  689678  689682  
  689908  689967  
  690163  690200  
  690313  690410  
  690870  690911  
  691233  691285  
  691469  691501  
  691943  692040  
  692355  692411  
  692813  692850  
  693222  693263  
  693495  693544  
  693708  693711  
  693972  693993  
  694214  694304  
  694740  694764  
  694768  694778  
  695245  695265  
  695360  695444  
  695895  695974  
  696206  696279  
  696724  696741  
  696799  696824  
  697111  697138  
  697383  697411  
  697692  697786  
  698283  698286  
  698737  698823  
  699092  699133  
  699183  699274  
  699487  699516  
  699602  699646  
  700079  700101  
  700567  700588  
  700970  700986  
  701205  701268  
  701687  701703  
  701954  702019  
  702372  702471  
  702488  702570  
  702773  702811  
  703078  703109  
  703247  703310  
  703415  703481  
  703722  703790  
  703916  703971  
  704299  704306  
  704672  704759  
  704823  704855  
  705114  705130  
  705544  705610  
  705822  705846  
  705907  705946  
  706318  706332  
  706616  706672  
  707133  707231  
  707603  707681  
  708046  708140  
  708163  708220  
  708621  708690  
  708982  709021  
  709356  709390  
  709575  709620  
  709816  709884  
  709959  710052  
  710540  710623  
  710663  710747  
  710884  710945  
  711033  711078  
  711327  711405  
  711474  711519  
  711887  711927  
  712064  712161  
  712270  712356  
  712570  712621  
  712747  712771  
  712966  712981  
  713303  713326  
  713588  713621  
  714023  714103  
  714495  714530  
  714989  714997  
  715142  715158  
  715437  715442  
  715601  715664  
  715946  715978  
  716388  716478  
  716940  716963  
  717042  717137  
  717207  717231  
  717519  717537  
  717903  717954  
  718226  718309  
  718651  718739  
  718791  718889  
  719151  719186  
  719506  719598  
  719682  719733  
  720062  720083  
  720178  720233  
  720269  720348  
  720747  720784  
  720936  721017  
  721108  721119  
  721571  721657  
  721732  721803  
  722170  722188  
  722660  722698  
  723008  723080  
  723357  723367  
  723531  723601  
  723811  723821  
  724056  724098  
  724111  724203  
  724334  724368  
  724538  724597  
  724861  724879  
  725018  725052  
  725096  725120  
  725358  725433  
  725713  725795  
  726061  726087  
  726245  726254  
  726408  726506  
  726760  726855  
  727255  727291  
  727761  727810  
  727899  727974  
  728447  728522  
  728618  728620  
  728869  728965  
  729210  729266  
  729716  729718  
  730124  730191  
  730550  730553  
  730841  730852  
  731056  731126  
  731353  731448  
  731672  731766  
  732128  732152  
  732235  732279  
  732680  732716  
  733105  733168  
  733507  733579  
  733794  733879  
  734064  734135  
  734589  734595  
  734906  734940  
  735119  735176  
  735375  735395  
  735780  735877  
  736214  736267  
  736527  736541  
  736846  736864  
  737022  737080  
  737224  737257  
  737660  737697  
  737905  737934  
  738323  738382  
  738597  738638  
  739040  739135  
  739184  739213  
  739399  739416  
  739553  739569  
  739989  740059  
  740364  740446  
  740922  740941  
  741265  741351  
  741406  741446  
  741760  741831  
  742121  742185  
  742251  742270  
  742631  742678  
  742918  742964  
  743191  743277  
  743495  743496  
  743527  743624  
  743711  743727  
  743990  744034  
  744502  744566  
  744768  744778  
  745062  745087  
  745181  745217  
  745513  745515  
  745924  745997  
  746210  746219  
  746328  746329  
  746805  746831  
  747052  747080  
  747166  747209  
  747499  747570  
  747894  747946  
  748111  748205  
  748552  748576  
  748792  748793  
  749065  749100  
  749412  749414  
  749648  749687  
  749979  750076  
  750128  750143  
  750368  750416  
  750544  750548  
  750623  750651  
  750807  750864  
  751018  751084  
  751534  751627  
  751780  751867  
  752219  752298  
  752375  752446  
  752486  752513  
  752836  752841  
  753209  753275  
  753422  753427  
  753828  753890  
  754220  754225  
  754465  754469  
  754764  754777  
  755073  755112  
  755434  755443  
  755699  755715  
  756124  756208  
  756218  756289  
  756775  756837  
  757090  757134  
  757180  757187  
  757350  757358  
  757722  757744  
  758141  758167  
  758502  758557  
  758766  758785  
  758810  758822  
  759259  759325  
  759543  759577  
  759623  759704  
  760190  760269  
  760393  760409  
  760871  760959  
  761335  761352  
  761673  761763  
  762131  762179  
  762639  762735  
  762992  763069  
  763549  763604  
  763892  763895  
  764027  764068  
  764520  764616  
  765096  765185  
  765546  765585  
  766047  766066  
  766202  766211  
  766449  766537  
  767012  767077  
  767346  767418  
  767689  767709  
  767910  767948  
  768039  768056  
  768123  768196  
  768316  768382  
  768720  768813  
  769090  769148  
  769331  769383  
  769575  769638  
  769916  770009  
  770172  770227  
  770303  770324  
  770810  770856  
  771116  771153  
  771534  771588  
  771646  771690  
  772016  772060  
  772355  772389  
  772690  772787  
  773216  773271  
  773332  773369  
  773737  773796  
  774293  774325  
  774405  774481  
  774723  774735  
  774940  775010  
  775472  775562  
  775584  775665  
  775750  775827  
  775983  776021  
  776422  776509  
  776642  776662  
  776673  776706  
  776793  776803  
  776837  776887  
  777272  777337  
  777820  777855  
  778049  778146  
  778559  778633  
  778958  778962  
  779328  779421  
  779632  779645  
  779967  780041  
  780205  780250  
  780259  780320  
  780372  780426  
  780805  780878  
  781138  781182  
  781598  781668  
  781950  781952  
  782261  782332  
  782634  782732  
  782795  782857  
  783323  783366  
  783752  783759  
  784162  784233  
  784301  784346  
  784708  784749  
  784844  784941  
  785146  785160  
  785303  785340  
  785723  785744  
  786220  786302  
  786584  786661  
  786795  786872  
  787364  787416  
  787679  787765  
  788032  788045  
  788264  788341  
  788502  788562  
  788813  788899  
  788980  788995  
  789006  789066  
  789359  789456  
  789593  789638  
  789940  789986  
  790314  790393  
  790497  790534  
  791013  791023  
  791248  791298  
  791343  791392  
  791860  791893  
  792377  792396  
  792771  792870  
  793239  793297  
  793484  793495  
  793977  793989  
  794193  794282  
  794336  794386  
  794577  794631  
  794849  794866  
  794965  794988  
  795405  795453  
  795760  795810  
  795880  795925  
  796153  796224  
  796627  796685  
  796908  796911  
  797086  797153  
  797564  797585  
  797986  798078  
  798171  798214  
  798443  798492  
  798872  798886  
  799062  799159  
  799203  799213  
  799416  799505  
  799770  799808  
  800192  800225  
  800494  800576  
  801044  801124  
  801584  801646  
  801962  802004  
  802184  802269  
  802489  802494  
  802733  802815  
  802882  802883  
  803018  803023  
  803035  803048  
  803108  803184  
  803324  803398  
  803779  803808  
  803847  803919  
  804237  804288  
  804476  804571  
  804738  804777  
  805066  805122  
  805607  805631  
  806053  806126  
  806610  806613  
  806713  806806  
  806826  806892  
  807026  807054  
  807123  807157  
  807574  807651  
  807807  807890  
  807992  808002  
  808414  808467  
  808770  808828  
  809190  809275  
  809440  809532  
  809546  809608  
  810031  810079  
  810411  810439  
  810452  810478  
  810723  810793  
  811082  811167  
  811463  811541  
  811681  811683  
  811747  811782  
  811872  811963  
  812432  812495  
  812668  812743  
  812865  812882  
  813110  813134  
  813360  813405  
  813519  813527  
  813561  813569  
  813821  813884  
  814259  814346  
  814605  814608  
  814778  814864  
  815326  815370  
  815406  815439  
  815461  815476  
  815503  815529  
  815677  815711  
  815930  815979  
  816115  816161  
  816389  816429  
  816901  816910  
  817312  817346  
  817721  817751  
  817953  818003  
  818432  818494  
  818775  818837  
  819180  819246  
  819694  819751  
  820198  820216  
  820533  820583  
  820856  820925  
  821327  821354  
  821778  821870  
  822299  822366  
  822497  822504  
  822948  822979  
  823053  823100  
  823178  823234  
  823458  823489  
  823665  823686  
  823774  823798  
  823929  823982  
  824066  824098  
  824214  824234  
  824538  824606  
  824617  824715  
  825003  825011  
  825129  825166  
  825375  825467  
  825786  825828  
  825866  825936  
  825940  825966  
  826063  826113  
  826287  826331  
  826748  826827  
  827024  827113  
  827392  827488  
  827537  827557  
  827626  827711  
  828177  828267  
  828598  828695  
  828731  828805  
  829251  829252  
  829662  829666  
  830032  830127  
  830228  830249  
  830529  830581  
  830686  830725  
  830752  830834  
  830988  831075  
  831284  831352  
  831544  831554  
  831993  832071  
  832545  832615  
  832856  832866  
  833104  833139  
  833371  833372  
  833771  833831  
  834013  834109  
  834477  834481  
  834950  834977  
  835393  835433  
  835892  835974  
  836378  836390  
  836611  836627  
  836794  836872  
  836932  836967  
  837190  837224  
  837347  837417  
  837479  837541  
  837922  837939  
  838200  838271  
  838388  838410  
  838651  838660  
  839079  839096  
  839492  839590  
  839852  839929  
  840128  840200  
  840204  840245  
  840582  840664  
  840674  840770  
  840821  840898  
  841339  841404  
  841706  841752  
  842018  842082  
  842342  842429  
  842808  842872  
  843234  843256  
  843693  843786  
  843915  843930  
  844419  844474  
  844811  844857  
  844875  844901  
  845276  845279  
  845687  845709  
  846148  846155  
  846191  846228  
  846571  846599  
  846822  846842  
  846935  846972  
  847297  847342  
  847499  847558  
  847664  847713  
  848030  848114  
  848135  848171  
  848594  848660  
  848966  848980  
  849233  849251  
  849667  849672  
  850046  850057  
  850552  850560  
  850594  850626  
  850653  850682  
  851087  851094  
  851487  851518  
  851902  851983  
  852124  852159  
  852457  852497  
  852553  852634  
  852975  853069  
  853425  853434  
  853876  853890  
  854131  854169  
  854613  854692  
  855052  855107  
  855219  855301  
  855623  855705  
  855840  855933  
  856270  856292  
  856767  856834  
  857131  857171  
  857320  857363  
  857549  857586  
  858065  858110  
  858389  858443  
  858683  858770  
  859175  859208  
  859627  859662  
  859680  859737  
  859926  860024  
  860402  860481  
  860761  860812  
  860970  860988  
  861358  861372  
  861608  861656  
  861954  862017  
  862330  862413  
  862648  862696  
  862921  862958  
  863332  863359  
  863730  863815  
  863864  863919  
  864162  864246  
  864704  864775  
  865071  865121  
  865430  865473  
  865733  865752  
  865946  865966  
  865993  866010  
  866158  866187  
  866491  866550  
  867035  867095  
  867227  867324  
  867530  867550  
  867825  867887  
  868272  868347  
  868579  868589  
  868765  868827  
  869238  869337  
  869746  869752  
  869907  869911  
  870352  870395  
  870421  870435  
  870805  870897  
  871123  871172  
  871557  871636  
  871990  871999  
  872367  872396  
  872816  872889  
  873306  873369  
  873390  873411  
  873830  873910  
  873944  874032  
  874507  874564  
  874760  874850  
  875200  875238  
  875424  875500  
  875687  875728  
  875994  876056  
  876551  876600  
  876738  876764  
  877188  877211  
  877233  877285  
  877536  877577  
  877995  878045  
  878309  878379  
  878831  878845  
  878989  879021  
  879138  879171  
  879645  879690  
  880016  880105  
  880479  880495  
  880546  880592  
  880594  880667  
  881051  881068  
  881189  881253  
  881338  881373  
  881426  881503  
  881903  881925  
  882412  882448  
  882567  882663  
  883006  883062  
  883180  883221  
  883348  883374  
  883644  883740  
  883851  883884  
  884080  884101  
  884349  884350  
  884354  884412  
  884780  884863  
  885168  885234  
  885402  885490  
  885687  885721  
  886006  886030  
  886366  886459  
  886763  886764  
  887003  887016  
  887433  887501  
  887707  887781  
  887976  888011  
  888480  888512  
  888958  889027  
  889302  889375  
  889667  889675  
  890134  890141  
  890330  890331  
  890627  890666  
  890944  890969  
  891441  891477  
  891935  891951  
  892275  892348  
  892499  892583  
  892878  892925  
  893074  893104  
  893500  893599  
  893636  893642  
  893713  893733  
  894045  894104  
  894365  894459  
  894617  894631  
  895007  895072  
  895379  895396  
  895717  895811  
  896165  896201  
  896629  896682  
  896852  896883  
  897338  897430  
  897744  897821  
  898150  898157  
  898592  898635  
  899077  899171  
  899352  899364  
  899856  899910  
  899946  899981  
  900137  900139  
  900414  900429  
  900563  900614  
  900731  900806  
  900913  900959  
  901434  901439  
  901833  901840  
  901920  901978  
  902225  902304  
  902375  902437  
  902697  902702  
  902893  902922  
  903077  903147  
  903390  903405  
  903897  903968  
  904003  904052  
  904145  904159  
  904595  904609  
  905103  905193  
  905436  905485  
  905856  905868  
  906247  906317  
  906639  906702  
  906972  907046  
  907237  907319  
  907628  907697  
  908107  908193  
  908596  908598  
  908928  909015  
  909113  909171  
  909406  909444  
  909531  909562  
  909809  909840  
  909939  910011  
  910286  910377  
  910537  910590  
  910759  910848  
  911086  911127  
  911146  911235  
  911452  911475  
  911482  911543  
  911705  911739  
  912026  912047  
  912300  912321  
  912332  912402  
  912885  912912  
  913127  913153  
  913222  913236  
  913280  913329  
  913668  913698  
  914034  914124  
  914222  914272  
  914611  914647  
  914857  914919  
  915389  915470  
  915872  915951  
  916353  916364  
  916683  916737  
  917022  917047  
  917287  917302  
  917769  917841  
  918228  918241  
  918612  918613  
  918737  918829  
  918986  919077  
  919252  919284  
  919703  919802  
  920181  920192  
  920419  920518  
  920620  920698  
  920703  920786  
  921070  921111  
  921387  921425  
  921812  921815  
  922135  922140  
  922503  922516  
  922795  922846  
  922949  923015  
  923473  923547  
  924039  924077  
  924226  924324  
  924359  924366  
  924732  924792  
  925262  925343  
  925602  925615  
  925621  925627  
  925983  926028  
  926186  926221  
  926385  926386  
  926614  926691  
  927076  927103  
  927460  927461  
  927777  927808  
  927890  927964  
  928253  928269  
  928371  928423  
  928889  928903  
  929195  929237  
  929530  929551  
  929887  929939  
  930344  930385  
  930407  930440  
  930886  930976  
  931024  931060  
  931520  931619  
  932085  932170  
  932300  932360  
  932578  932614  
  932895  932964  
  933210  933226  
  933560  933587  
  933937  933971  
  934425  934475  
  934729  934825  
  934972  935026  
  935297  935367  
  935792  935827  
  936312  936336  
  936420  936489  
  936515  936607  
  936695  936757  
  937202  937247  
  937566  937570  
  937661  937739  
  938065  938071  
  938195  938221  
  938523  938620  
  938837  938900  
  939217  939295  
  939390  939454  
  939739  939814  
  940111  940141  
  940292  940348  
  940720  940745  
  940823  940829  
  940970  941029  
  941435  941507  
  942006  942012  
  942124  942171  
  942414  942494  
  942915  942982  
  943033  943049  
  943272  943335  
  943629  943710  
  944162  944178  
  944537  944635  
  945117  945181  
  945565  945632  
  945669  945752  
  946019  946054  
  946480  946494  
  946766  946804  
  946838  946871  
  946877  946932  
  947220  947285  
  947564  947584  
  947841  947867  
  948053  948118  
  948421  948476  
  948502  948536  
  948790  948832  
  949007  949023  
  949098  949133  
  949441  949470  
  949962  949989  
  950098  950119  
  950379  950447  
  950837  950872  
  950940  951031  
  951512  951587  
  951999  952030  
  952494  952543  
  952818  952834  
  953068  953092  
  953140  953227  
  953474  953514  
  953595  953600  
  953842  953922  
  954369  954453  
  954463  954513  
  954591  954641  
  955018  955026  
  955311  955347  
  955630  955644  
  956080  956148  
  956571  956576  
  956923  956939  
  957092  957167  
  957220  957303  
  957710  957804  
  957842  957853  
  958000  958067  
  958470  958526  
  958702  958713  
  958838  958890  
  959150  959185  
  959455  959483  
  959830  959873  
  960088  960114  
  960186  960188  
  960649  960722  
  960724  960789  
  961191  961290  
  961544  961572  
  961620  961654  
  961978  962030  
  962355  962366  
  962540  962631  
  962891  962918  
  963051  963064  
  963548  963600  
  963651  963723  
  963785  963838  
  964182  964254  
  964428  964519  
  964527  964546  
  964663  964704  
  965025  965100  
  965469  965480  
  965514  965581  
  965753  965801  
  966244  966294  
  966553  966562  
  966724  966763  
  967022  967072  
  967163  967235  
  967570  967572  
  967598  967673  
  967816  967825  
  968233  968244  
  968521  968563  
  968746  968808  
  968908  968926  
  969273  969357  
  969508  969596  
  969801  969834  
  969940  969948  
  970089  970139  
  970556  970594  
  971007  971049  
  971269  971342  
  971404  971454  
  971932  972021  
  972505  972519  
  972656  972664  
  973001  973053  
  973189  973261  
  973534  973549  
  973620  973656  
  974003  974046  
  974518  974569  
  974894  974993  
  975090  975165  
  975328  975347  
  975518  975533  
  975938  976002  
  976421  976435  
  976879  976914  
  977089  977133  
  977620  977706  
  978090  978121  
  978346  978437  
  978869  978965  
  978992  979006  
  979047  979081  
  979437  979530  
  980002  980058  
  980310  980369  
  980415  980425  
  980463  980551  
  980654  980727  
  981213  981288  
  981596  981627  
  981628  981647  
  982033  982095  
  982131  982216  
  982595  982669  
  982885  982951  
  983408  983451  
  983739  983765  
  983935  983980  
  984276  984308  
  984799  984876  
  984914  984979  
  985224  985287  
  985366  985439  
  985820  985826  
  986293  986364  
  986401  986468  
  986469  986522  
  986966  987051  
  987232  987253  
  987634  987731  
  988017  988033  
  988205  988226  
  988505  988568  
  988664  988675  
  989171  989205  
  989305  989380  
  989495  989498  
  989660  989711  
  989757  989811  
  989877  989904  
  990108  990120  
  990422  990518  
  990870  990964  
  991168  991265  
  991464  991527  
  991889  991919  
  991984  992045  
  992141  992203  
  992498  992511  
  992569  992595  
  993063  993123  
  993278  993279  
  993710  993765  
  993812  993842  
  994291  994388  
  994439  994450  
  994750  994770  
  995119  995160  
  995657  995687  
  995781  995878  
  996148  996202  
  996359  996374  
  996423  996491  
  996689  996781  
  997103  997108  
  997312  997317  
  997485  997508  
  997643  997719  
  997870  997888  
  998294  998322  
  998799  998881  
  999078  999100  
  999187  999229  
  999664  999749  
  1000044  1000110  
  1000292  1000382  
  1000545  1000609  
  1000787  1000796  
  1001017  1001070  
  1001364  1001449  
  1001573  1001647  
  1001970  1002026  
  1002237  1002301  
  1002610  1002645  
  1002874  1002908  
  1003269  1003279  
  1003521  1003539  
  1004021  1004091  
  1004154  1004245  
  1004723  1004728  
  1004809  1004884  
  1004929  1004978  
  1005308  1005318  
  1005775  1005856  
  1006183  1006268  
  1006744  1006764  
  1006984  1007083  
  1007214  1007296  
  1007743  1007835  
  1008241  1008331  
  1008816  1008817  
  1009292  1009338  
  1009535  1009614  
  1010110  1010197  
  1010386  1010410  
  1010454  1010515  
  1010652  1010734  
  1011233  1011238  
  1011500  1011597  
  1011738  1011765  
  1011982  1012081  
  1012231  1012324  
  1012665  1012731  
  1013002  1013005  
  1013138  1013141  
  1013556  1013637  
  1013718  1013734  
  1014136  1014166  
  1014252  1014289  
  1014397  1014445  
  1014555  1014620  
  1014968  1014978  
  1015224  1015279  
  1015337  1015357  
  1015723  1015774  
  1015848  1015883  
  1016341  1016363  
  1016757  1016780  
  1016847  1016868  
  1017160  1017171  
  1017662  1017692  
  1017695  1017699  
  1017768  1017845  
  1017929  1017993  
  1018159  1018222  
  1018418  1018430  
  1018544  1018571  
  1018606  1018619  
  1018707  1018790  
  1018804  1018847  
  1019290  1019380  
  1019399  1019441  
  1019551  1019650  
  1019853  1019887  
  1020185  1020220  
  1020446  1020496  
  1020569  1020588  
  1020936  1021000  
  1021135  1021146  
  1021271  1021341  
  1021436  1021485  
  1021871  1021923  
  1022279  1022350  
  1022525  1022578  
  1022947  1022958  
  1023000  1023043  
  1023268  1023336  
  1023487  1023558  
  1023766  1023818  
  1023864  1023907  
  1024308  1024343  
  1024521  1024618  
  1024994  1025056  
  1025438  1025514  
  1025642  1025692  
  1026094  1026158  
  1026361  1026460  
  1026542  1026598  
  1026678  1026679  
  1026888  1026925  
  1027234  1027257  
  1027492  1027532  
  1027813  1027891  
  1028110  1028207  
  1028268  1028300  
  1028387  1028402  
  1028731  1028821  
  1029219  1029248  
  1029517  1029572  
  1029662  1029750  
  1030241  1030289  
  1030343  1030415  
  1030855  1030952  
  1030954  1031040  
  1031369  1031377  
  1031622  1031711  
  1031758  1031781  
  1031963  1032039  
  1032435  1032443  
  1032639  1032699  
  1032927  1032930  
  1033334  1033404  
  1033490  1033541  
  1033755  1033794  
  1034145  1034212  
  1034316  1034375  
  1034788  1034822  
  1035284  1035286  
  1035695  1035706  
  1035752  1035790  
  1036171  1036193  
  1036380  1036467  
  1036727  1036792  
  1037268  1037295  
  1037605  1037655  
  1037914  1038009  
  1038253  1038323  
  1038601  1038651  
  1039106  1039141  
  1039350  1039359  
  1039818  1039833  
  1039923  1039957  
  1040427  1040508  
  1040681  1040756  
  1041116  1041146  
  1041580  1041643  
  1041715  1041771  
  1041846  1041897  
  1042102  1042169  
  1042487  1042585  
  1042689  1042711  
  1043054  1043075  
  1043187  1043229  
  1043372  1043445  
  1043917  1043961  
  1044216  1044225  
  1044678  1044690  
  1045065  1045116  
  1045364  1045399  
  1045637  1045652  
  1045691  1045754  
  1046240  1046314  
  1046504  1046556  
  1046693  1046701  
  1047067  1047098  
  1047545  1047565  
  1047713  1047794  
  1048206  1048239  
  1048707  1048770  
  1048839  1048925  
  1049366  1049393  
  1049674  1049710  
  1050066  1050067  
  1050346  1050379  
  1050541  1050614  
  1051069  1051105  
  1051301  1051390  
  1051452  1051504  
  1051751  1051762  
  1051936  1051998  
  1052119  1052131  
  1052605  1052686  
  1053178  1053242  
  1053428  1053521  
  1053947  1053966  
  1054455  1054539  
  1054945  1055001  
  1055058  1055101  
  1055220  1055226  
  1055405  1055412  
  1055768  1055796  
  1056049  1056133  
  1056630  1056721  
  1056878  1056934  
  1057298  1057336  
  1057739  1057800  
  1058271  1058327  
  1058519  1058573  
  1058969  1059042  
  1059203  1059283  
  1059679  1059766  
  1060044  1060123  
  1060292  1060337  
  1060630  1060663  
  1061144  1061187  
  1061377  1061383  
  1061420  1061493  
  1061794  1061856  
  1061927  1061958  
  1062122  1062159  
  1062584  1062598  
  1062718  1062812  
  1063062  1063149  
  1063540  1063598  
  1064010  1064057  
  1064143  1064207  
  1064592  1064665  
  1065118  1065130  
  1065502  1065576  
  1065880  1065915  
  1066222  1066261  
  1066511  1066532  
  1066534  1066601  
  1066984  1067037  
  1067251  1067268  
  1067480  1067549  
  1067674  1067763  
  1067800  1067821  
  1068030  1068045  
  1068411  1068457  
  1068710  1068719  
  1068879  1068897  
  1068936  1068968  
  1069245  1069284  
  1069672  1069725  
  1069953  1070041  
  1070414  1070439  
  1070718  1070776  
  1071236  1071282  
  1071324  1071335  
  1071802  1071818  
  1071945  1071964  
  1072455  1072522  
  1072779  1072867  
  1073026  1073096  
  1073392  1073405  
  1073774  1073859  
  1073954  1073993  
  1074186  1074248  
  1074552  1074568  
  1074597  1074619  
  1074647  1074676  
  1075060  1075117  
  1075542  1075629  
  1075882  1075962  
  1076001  1076087  
  1076511  1076529  
  1076840  1076935  
  1077208  1077298  
  1077479  1077520  
  1077546  1077548  
  1077814  1077887  
  1078285  1078288  
  1078300  1078349  
  1078455  1078508  
  1078931  1079009  
  1079446  1079515  
  1079589  1079649  
  1079757  1079783  
  1080030  1080094  
  1080275  1080298  
  1080386  1080483  
  1080498  1080578  
  1080704  1080718  
  1080938  1081013  
  1081365  1081433  
  1081506  1081524  
  1081586  1081608  
  1082006  1082078  
  1082380  1082465  
  1082469  1082510  
  1082687  1082718  
  1082934  1083011  
  1083481  1083563  
  1083712  1083788  
  1083883  1083954  
  1084328  1084392  
  1084452  1084508  
  1084656  1084707  
  1084909  1084985  
  1085134  1085232  
  1085696  1085783  
  1086199  1086273  
  1086525  1086532  
  1086693  1086749  
  1086885  1086984  
  1087126  1087157  
  1087651  1087711  
  1088035  1088059  
  1088443  1088530  
  1088981  1089057  
  1089303  1089335  
  1089423  1089514  
  1089686  1089688  
  1089836  1089935  
  1090306  1090393  
  1090696  1090782  
  1090926  1090942  
  1091219  1091299  
  1091717  1091771  
  1092045  1092115  
  1092597  1092644  
  1093032  1093036  
  1093133  1093176  
  1093491  1093588  
  1093912  1093970  
  1094108  1094140  
  1094481  1094575  
  1094748  1094760  
  1095200  1095287  
  1095783  1095818  
  1095854  1095923  
  1096418  1096503  
  1096655  1096675  
  1096759  1096782  
  1096822  1096824  
  1096929  1097000  
  1097297  1097327  
  1097797  1097802  
  1097827  1097879  
  1097961  1098020  
  1098201  1098252  
  1098387  1098478  
  1098798  1098818  
  1098857  1098900  
  1099227  1099277  
  1099580  1099652  
  1099861  1099935  
  1100176  1100267  
  1100432  1100510  
  1100805  1100845  
  1101337  1101387  
  1101631  1101699  
  1101771  1101860  
  1102003  1102018  
  1102430  1102446  
  1102875  1102894  
  1103036  1103135  
  1103357  1103432  
  1103649  1103662  
  1103767  1103778  
  1104238  1104249  
  1104314  1104346  
  1104613  1104643  
  1104943  1105026  
  1105189  1105276  
  1105656  1105689  
  1105964  1106000  
  1106330  1106385  
  1106549  1106620  
  1106900  1106916  
  1107009  1107076  
  1107424  1107444  
  1107547  1107628  
  1107776  1107843  
  1108176  1108196  
  1108304  1108313  
  1108810  1108814  
  1109225  1109232  
  1109700  1109787  
  1109904  1109990  
  1110291  1110318  
  1110757  1110805  
  1110924  1111023  
  1111095  1111135  
  1111484  1111511  
  1111931  1111963  
  1112144  1112187  
  1112213  1112302  
  1112489  1112501  
  1112542  1112553  
  1112737  1112816  
  1113144  1113231  
  1113390  1113437  
  1113759  1113846  
  1114196  1114204  
  1114662  1114743  
  1115016  1115073  
  1115278  1115297  
  1115429  1115456  
  1115529  1115540  
  1116039  1116050  
  1116142  1116219  
  1116703  1116784  
  1117229  1117259  
  1117528  1117612  
  1118071  1118139  
  1118411  1118472  
  1118960  1118998  
  1119331  1119381  
  1119715  1119757  
  1119943  1119951  
  1120401  1120448  
  1120600  1120652  
  1120820  1120918  
  1121243  1121335  
  1121525  1121549  
  1121662  1121682  
  1122115  1122199  
  1122506  1122601  
  1122681  1122733  
  1123095  1123149  
  1123456  1123498  
  1123833  1123931  
  1124277  1124290  
  1124692  1124699  
  1125120  1125210  
  1125656  1125709  
  1125754  1125822  
  1126311  1126334  
  1126351  1126410  
  1126815  1126842  
  1127017  1127039  
  1127196  1127224  
  1127484  1127536  
  1127840  1127883  
  1128134  1128157  
  1128361  1128376  
  1128394  1128490  
  1128790  1128880  
  1129174  1129263  
  1129659  1129728  
  1130009  1130080  
  1130339  1130397  
  1130643  1130666  
  1130926  1130928  
  1131258  1131331  
  1131477  1131535  
  1132009  1132052  
  1132323  1132350  
  1132567  1132587  
  1132832  1132928  
  1133239  1133286  
  1133536  1133619  
  1133789  1133870  
  1134143  1134154  
  1134186  1134254  
  1134522  1134606  
  1134930  1134976  
  1135242  1135311  
  1135460  1135546  
  1135793  1135848  
  1136141  1136193  
  1136517  1136614  
  1136839  1136932  
  1136983  1137017  
  1137221  1137230  
  1137280  1137303  
  1137695  1137705  
  1137903  1137978  
  1138073  1138075  
  1138360  1138423  
  1138907  1138994  
  1139104  1139169  
  1139320  1139359  
  1139362  1139447  
  1139929  1139954  
  1140043  1140086  
  1140379  1140450  
  1140515  1140564  
  1140875  1140914  
  1141056  1141136  
  1141474  1141520  
  1141795  1141834  
  1142022  1142091  
  1142402  1142448  
  1142847  1142922  
  1143185  1143236  
  1143511  1143592  
  1144045  1144130  
  1144383  1144431  
  1144450  1144502  
  1144673  1144744  
  1144883  1144926  
  1145095  1145121  
  1145140  1145192  
  1145399  1145412  
  1145798  1145837  
  1146096  1146135  
  1146616  1146666  
  1147023  1147064  
  1147177  1147215  
  1147506  1147567  
  1147829  1147855  
  1148218  1148306  
  1148517  1148601  
  1148755  1148783  
  1148806  1148815  
  1149140  1149222  
  1149566  1149661  
  1150145  1150198  
  1150390  1150394  
  1150710  1150717  
  1150756  1150785  
  1151268  1151320  
  1151812  1151821  
  1152215  1152230  
  1152535  1152625  
  1153000  1153091  
  1153390  1153464  
  1153572  1153612  
  1153683  1153726  
  1154045  1154074  
  1154409  1154473  
  1154951  1154953  
  1154973  1155028  
  1155118  1155208  
  1155693  1155746  
  1156159  1156224  
  1156252  1156267  
  1156275  1156358  
  1156853  1156938  
  1157308  1157399  
  1157734  1157809  
  1158205  1158295  
  1158391  1158490  
  1158843  1158892  
  1158905  1158919  
  1159396  1159473  
  1159657  1159675  
  1159679  1159688  
  1159948  1159985  
  1160013  1160064  
  1160485  1160506  
  1160865  1160893  
  1161353  1161373  
  1161849  1161930  
  1161982  1161987  
  1162084  1162106  
  1162135  1162197  
  1162469  1162473  
  1162771  1162837  
  1162893  1162938  
  1163004  1163008  
  1163138  1163177  
  1163590  1163684  
  1163875  1163946  
  1164141  1164159  
  1164308  1164380  
  1164398  1164470  
  1164699  1164789  
  1164876  1164956  
  1165104  1165162  
  1165302  1165363  
  1165655  1165699  
  1165736  1165799  
  1166103  1166108  
  1166598  1166649  
  1166813  1166879  
  1167256  1167280  
  1167323  1167358  
  1167641  1167720  
  1168165  1168261  
  1168518  1168605  
  1168811  1168842  
  1169242  1169336  
  1169468  1169507  
  1169648  1169683  
  1170100  1170151  
  1170560  1170643  
  1170763  1170818  
  1170848  1170947  
  1171083  1171120  
  1171471  1171528  
  1171810  1171830  
  1172071  1172080  
  1172120  1172174  
  1172307  1172376  
  1172657  1172664  
  1172749  1172754  
  1173024  1173039  
  1173365  1173448  
  1173749  1173786  
  1174270  1174305  
  1174474  1174522  
  1174834  1174849  
  1175218  1175274  
  1175638  1175723  
  1175917  1175942  
  1176172  1176174  
  1176575  1176601  
  1176808  1176873  
  1177110  1177116  
  1177288  1177312  
  1177402  1177482  
  1177809  1177857  
  1178091  1178166  
  1178385  1178407  
  1178681  1178724  
  1179033  1179091  
  1179109  1179114  
  1179306  1179389  
  1179771  1179828  
  1180228  1180262  
  1180711  1180802  
  1181026  1181098  
  1181417  1181462  
  1181852  1181927  
  1182253  1182269  
  1182642  1182741  
  1183171  1183244  
  1183343  1183428  
  1183448  1183496  
  1183946  1184036  
  1184264  1184317  
  1184598  1184601  
  1184624  1184662  
  1184866  1184939  
  1185135  1185223  
  1185547  1185633  
  1185916  1185934  
  1186214  1186294  
  1186684  1186750  
  1186807  1186873  
  1186963  1186980  
  1187117  1187136  
  1187496  1187552  
  1187983  1188039  
  1188310  1188406  
  1188676  1188745  
  1188753  1188809  
  1189212  1189238  
  1189435  1189501  
  1189674  1189712  
  1190210  1190301  
  1190304  1190309  
  1190585  1190629  
  1190953  1191045  
  1191124  1191155  
  1191219  1191257  
  1191656  1191697  
  1192189  1192236  
  1192627  1192646  
  1192794  1192865  
  1193056  1193131  
  1193412  1193487  
  1193829  1193869  
  1194080  1194093  
  1194192  1194240  
  1194630  1194706  
  1195019  1195076  
  1195474  1195542  
  1195679  1195749  
  1195972  1196006  
  1196026  1196030  
  1196438  1196441  
  1196455  1196488  
  1196690  1196757  
  1197022  1197043  
  1197099  1197142  
  1197361  1197450  
  1197611  1197631  
  1198098  1198168  
  1198599  1198638  
  1199078  1199115  
  1199297  1199364  
  1199682  1199724  
  1199841  1199857  
  1200126  1200186  
  1200661  1200711  
  1201116  1201166  
  1201658  1201744  
  1202149  1202204  
  1202543  1202588  
  1202899  1202907  
  1203065  1203163  
  1203214  1203266  
  1203751  1203813  
  1203861  1203930  
  1204163  1204262  
  1204477  1204549  
  1204950  1205030  
  1205337  1205410  
  1205757  1205843  
  1206335  1206423  
  1206783  1206845  
  1206885  1206916  
  1206953  1207042  
  1207515  1207614  
  1208021  1208035  
  1208237  1208279  
  1208419  1208424  
  1208691  1208692  
  1208978  1208992  
  1209327  1209424  
  1209829  1209835  
  1209886  1209953  
  1210239  1210328  
  1210719  1210749  
  1211007  1211039  
  1211332  1211395  
  1211669  1211754  
  1211936  1211983  
  1212097  1212127  
  1212471  1212486  
  1212959  1212995  
  1213351  1213426  
  1213523  1213585  
  1213964  1214038  
  1214424  1214519  
  1215009  1215045  
  1215340  1215343  
  1215511  1215536  
  1215643  1215729  
  1216155  1216230  
  1216689  1216692  
  1216726  1216774  
  1216999  1217041  
  1217312  1217362  
  1217429  1217468  
  1217599  1217657  
  1217724  1217779  
  1217819  1217867  
  1218249  1218345  
  1218766  1218865  
  1219129  1219208  
  1219396  1219434  
  1219454  1219519  
  1219921  1219981  
  1220175  1220178  
  1220205  1220251  
  1220293  1220306  
  1220342  1220385  
  1220408  1220428  
  1220842  1220914  
  1221256  1221287  
  1221748  1221759  
  1221947  1222030  
  1222323  1222362  
  1222589  1222682  
  1222942  1223004  
  1223018  1223022  
  1223202  1223263  
  1223710  1223797  
  1224074  1224137  
  1224616  1224635  
  1224676  1224773  
  1224978  1225023  
  1225239  1225253  
  1225469  1225539  
  1225847  1225861  
  1226097  1226164  
  1226294  1226318  
  1226547  1226645  
  1226801  1226824  
  1227106  1227146  
  1227554  1227631  
  1228085  1228169  
  1228493  1228521  
  1228994  1229081  
  1229157  1229201  
  1229466  1229521  
  1229613  1229631  
  1229687  1229726  
  1229737  1229750  
  1230107  1230179  
  1230545  1230644  
  1230726  1230763  
  1231047  1231063  
  1231476  1231540  
  1231954  1232032  
  1232201  1232255  
  1232739  1232745  
  1233194  1233203  
  1233271  1233355  
  1233445  1233465  
  1233563  1233565  
  1233774  1233812  
  1234127  1234226  
  1234662  1234694  
  1234818  1234839  
  1234913  1234975  
  1234990  1235089  
  1235169  1235186  
  1235318  1235327  
  1235648  1235663  
  1235664  1235704  
  1235976  1236038  
  1236226  1236317  
  1236333  1236409  
  1236842  1236858  
  1237326  1237408  
  1237683  1237740  
  1237817  1237875  
  1238179  1238185  
  1238596  1238657  
  1239085  1239151  
  1239321  1239405  
  1239676  1239716  
  1240173  1240197  
  1240309  1240352  
  1240824  1240913  
  1241293  1241314  
  1241440  1241529  
  1241632  1241725  
  1241795  1241805  
  1242159  1242222  
  1242635  1242708  
  1243046  1243112  
  1243583  1243589  
  1244012  1244052  
  1244519  1244528  
  1244802  1244896  
  1244928  1245022  
  1245113  1245205  
  1245330  1245367  
  1245461  1245467  
  1245548  1245610  
  1246105  1246181  
  1246591  1246684  
  1246930  1246959  
  1247025  1247106  
  1247154  1247167  
  1247594  1247635  
  1248045  1248132  
  1248190  1248260  
  1248287  1248368  
  1248662  1248716  
  1248719  1248742  
  1248905  1248991  
  1249315  1249404  
  1249866  1249869  
  1249923  1249988  
  1250166  1250178  
  1250467  1250483  
  1250641  1250690  
  1250853  1250927  
  1251151  1251218  
  1251448  1251502  
  1251652  1251653  
  1251776  1251844  
  1252115  1252201  
  1252334  1252389  
  1252815  1252869  
  1252943  1252956  
  1253432  1253494  
  1253498  1253552  
  1253957  1253983  
  1254286  1254336  
  1254513  1254579  
  1254889  1254970  
  1255248  1255298  
  1255593  1255607  
  1255890  1255898  
  1256127  1256165  
  1256290  1256295  
  1256606  1256617  
  1257024  1257036  
  1257518  1257604  
  1258072  1258120  
  1258520  1258533  
  1258849  1258884  
  1259108  1259166  
  1259511  1259546  
  1259571  1259661  
  1259949  1260046  
  1260191  1260270  
  1260428  1260492  
  1260857  1260940  
  1261284  1261378  
  1261741  1261805  
  1262062  1262127  
  1262376  1262459  
  1262881  1262896  
  1263291  1263347  
  1263810  1263839  
  1264280  1264364  
  1264822  1264836  
  1265137  1265153  
  1265448  1265471  
  1265725  1265772  
  1266163  1266211  
  1266532  1266604  
  1266949  1267031  
  1267474  1267482  
  1267609  1267668  
  1267732  1267823  
  1268002  1268080  
  1268376  1268472  
  1268914  1269011  
  1269410  1269441  
  1269893  1269964  
  1270153  1270211  
  1270612  1270660  
  1270692  1270732  
  1270777  1270785  
  1270803  1270829  
  1270994  1271012  
  1271244  1271309  
  1271370  1271409  
  1271866  1271964  
  1272385  1272408  
  1272428  1272474  
  1272866  1272871  
  1273016  1273096  
  1273471  1273527  
  1273639  1273683  
  1273980  1274004  
  1274093  1274100  
  1274140  1274199  
  1274299  1274390  
  1274725  1274785  
  1275213  1275312  
  1275553  1275614  
  1275726  1275809  
  1276033  1276057  
  1276374  1276449  
  1276725  1276809  
  1277178  1277263  
  1277398  1277494  
  1277807  1277887  
  1278227  1278279  
  1278344  1278433  
  1278836  1278864  
  1278983  1279076  
  1279561  1279613  
  1279790  1279830  
  1279896  1279955  
  1280299  1280371  
  1280458  1280550  
  1280798  1280836  
  1281091  1281098  
  1281493  1281585  
  1281895  1281953  
  1282398  1282487  
  1282813  1282912  
  1283256  1283337  
  1283623  1283658  
  1283763  1283783  
  1284208  1284266  
  1284275  1284370  
  1284605  1284621  
  1284812  1284813  
  1284980  1285021  
  1285330  1285381  
  1285539  1285630  
  1285924  1285992  
  1286080  1286083  
  1286336  1286368  
  1286458  1286545  
  1286746  1286773  
  1286982  1287010  
  1287481  1287562  
  1288032  1288079  
  1288465  1288497  
  1288600  1288617  
  1288998  1289027  
  1289455  1289505  
  1289644  1289682  
  1290077  1290153  
  1290391  1290482  
  1290626  1290639  
  1290806  1290816  
  1291184  1291190  
  1291403  1291495  
  1291938  1291945  
  1292137  1292235  
  1292464  1292555  
  1292803  1292859  
  1292935  1293003  
  1293201  1293250  
  1293517  1293562  
  1293782  1293862  
  1294341  1294369  
  1294528  1294617  
  1294986  1295020  
  1295134  1295151  
  1295335  1295336  
  1295688  1295774  
  1296038  1296115  
  1296517  1296549  
  1296803  1296865  
  1297254  1297290  
  1297345  1297389  
  1297391  1297487  
  1297585  1297588  
  1297912  1297927  
  1298147  1298201  
  1298296  1298342  
  1298548  1298635  
  1298655  1298673  
  1299063  1299101  
  1299494  1299558  
  1299580  1299614  
  1300036  1300130  
  1300399  1300473  
  1300593  1300676  
  1300882  1300974  
  1301048  1301099  
  1301493  1301512  
  1301975  1302017  
  1302199  1302272  
  1302346  1302397  
  1302522  1302549  
  1302849  1302928  
  1303285  1303287  
  1303384  1303435  
  1303674  1303712  
  1303891  1303976  
  1304206  1304257  
  1304374  1304466  
  1304701  1304703  
  1305123  1305125  
  1305162  1305191  
  1305418  1305433  
  1305819  1305888  
  1306064  1306126  
  1306219  1306284  
  1306716  1306741  
  1307002  1307089  
  1307428  1307485  
  1307629  1307715  
  1307839  1307930  
  1308078  1308121  
  1308504  1308512  
  1308842  1308854  
  1308867  1308950  
  1309053  1309065  
  1309111  1309141  
  1309441  1309467  
  1309722  1309796  
  1309819  1309868  
  1310337  1310378  
  1310379  1310395  
  1310694  1310729  
  1311022  1311093  
  1311457  1311464  
  1311580  1311675  
  1311802  1311891  
  1312315  1312345  
  1312577  1312675  
  1312811  1312882  
  1313207  1313213  
  1313547  1313580  
  1314010  1314076  
  1314085  1314172  
  1314263  1314330  
  1314750  1314753  
  1315038  1315122  
  1315402  1315418  
  1315679  1315722  
  1315851  1315917  
  1316326  1316391  
  1316464  1316516  
  1316583  1316669  
  1316923  1317018  
  1317121  1317210  
  1317317  1317323  
  1317414  1317512  
  1317596  1317645  
  1317656  1317684  
  1318141  1318182  
  1318184  1318234  
  1318566  1318604  
  1318735  1318803  
  1318959  1318996  
  1319379  1319452  
  1319642  1319660  
  1320025  1320065  
  1320325  1320393  
  1320533  1320570  
  1320817  1320820  
  1321120  1321204  
  1321610  1321672  
  1321843  1321876  
  1322009  1322022  
  1322088  1322119  
  1322455  1322501  
  1322597  1322637  
  1322924  1322987  
  1323012  1323084  
  1323237  1323261  
  1323290  1323299  
  1323469  1323553  
  1323588  1323683  
  1323718  1323773  
  1324010  1324099  
  1324106  1324135  
  1324184  1324244  
  1324383  1324402  
  1324674  1324751  
  1324836  1324842  
  1324929  1324961  
  1325256  1325274  
  1325600  1325627  
  1325900  1325940  
  1326310  1326381  
  1326490  1326578  
  1326727  1326791  
  1327149  1327226  
  1327305  1327392  
  1327684  1327768  
  1327801  1327881  
  1328086  1328110  
  1328294  1328366  
  1328649  1328660  
  1329114  1329153  
  1329427  1329493  
  1329857  1329888  
  1329922  1329954  
  1330321  1330414  
  1330737  1330800  
  1331196  1331198  
  1331563  1331576  
  1332074  1332142  
  1332635  1332643  
  1332826  1332901  
  1332960  1333015  
  1333173  1333256  
  1333637  1333670  
  1333793  1333886  
  1334360  1334406  
  1334896  1334925  
  1335373  1335459  
  1335688  1335721  
  1336170  1336178  
  1336613  1336686  
  1337134  1337135  
  1337566  1337612  
  1337792  1337799  
  1338072  1338088  
  1338356  1338370  
  1338459  1338533  
  1338631  1338699  
  1338821  1338822  
  1339089  1339170  
  1339564  1339578  
  1340018  1340052  
  1340519  1340586  
  1340715  1340811  
  1341241  1341287  
  1341306  1341326  
  1341523  1341604  
  1341998  1342037  
  1342485  1342528  
  1342826  1342896  
  1343210  1343245  
  1343434  1343504  
  1343594  1343640  
  1344010  1344107  
  1344495  1344587  
  1344864  1344951  
  1345374  1345433  
  1345710  1345751  
  1346145  1346161  
  1346291  1346353  
  1346712  1346740  
  1347001  1347083  
  1347425  1347483  
  1347720  1347778  
  1348103  1348191  
  1348448  1348496  
  1348845  1348940  
  1349244  1349263  
  1349301  1349330  
  1349757  1349768  
  1349976  1350013  
  1350137  1350202  
  1350283  1350334  
  1350730  1350804  
  1351058  1351136  
  1351271  1351352  
  1351504  1351600  
  1352037  1352040  
  1352242  1352310  
  1352751  1352804  
  1352937  1353010  
  1353234  1353244  
  1353368  1353418  
  1353449  1353490  
  1353631  1353658  
  1354137  1354219  
  1354385  1354427  
  1354842  1354928  
  1355037  1355040  
  1355315  1355375  
  1355696  1355724  
  1355828  1355844  
  1356287  1356380  
  1356551  1356559  
  1356963  1357052  
  1357072  1357115  
  1357439  1357464  
  1357488  1357556  
  1357996  1358059  
  1358076  1358106  
  1358153  1358223  
  1358555  1358617  
  1358953  1359037  
  1359526  1359595  
  1359625  1359718  
  1360025  1360101  
  1360373  1360448  
  1360592  1360608  
  1360618  1360638  
  1360933  1360968  
  1361020  1361104  
  1361321  1361385  
  1361432  1361498  
  1361970  1361979  
  1362373  1362463  
  1362859  1362864  
  1363354  1363384  
  1363435  1363495  
  1363508  1363529  
  1363746  1363824  
  1363971  1364022  
  1364410  1364478  
  1364714  1364731  
  1365091  1365120  
  1365566  1365608  
  1366004  1366068  
  1366141  1366166  
  1366283  1366346  
  1366697  1366755  
  1366944  1367023  
  1367037  1367126  
  1367533  1367608  
  1367655  1367733  
  1368128  1368199  
  1368441  1368466  
  1368800  1368837  
  1369166  1369258  
  1369536  1369611  
  1370102  1370127  
  1370304  1370368  
  1370805  1370854  
  1370897  1370958  
  1371107  1371139  
  1371218  1371291  
  1371582  1371612  
  1371908  1371949  
  1372190  1372245  
  1372259  1372271  
  1372424  1372439  
  1372936  1373022  
  1373103  1373110  
  1373258  1373274  
  1373354  1373433  
  1373467  1373520  
  1373710  1373765  
  1373891  1373947  
  1374151  1374200  
  1374630  1374714  
  1374990  1374992  
  1375397  1375437  
  1375529  1375535  
  1375871  1375917  
  1376015  1376110  
  1376326  1376382  
  1376626  1376662  
  1377012  1377024  
  1377287  1377296  
  1377719  1377737  
  1378058  1378138  
  1378396  1378432  
  1378915  1378931  
  1379165  1379235  
  1379716  1379726  
  1379755  1379829  
  1380051  1380086  
  1380529  1380544  
  1380847  1380896  
  1381184  1381259  
  1381646  1381734  
  1382071  1382149  
  1382333  1382375  
  1382733  1382738  
  1382793  1382844  
  1383258  1383302  
  1383721  1383765  
  1383872  1383897  
  1384136  1384222  
  1384619  1384631  
  1385030  1385109  
  1385221  1385246  
  1385705  1385785  
  1385917  1385999  
  1386013  1386097  
  1386359  1386421  
  1386454  1386493  
  1386708  1386711  
  1386973  1387037  
  1387075  1387084  
  1387297  1387354  
  1387575  1387638  
  1388109  1388183  
  1388272  1388353  
  1388648  1388724  
  1389068  1389069  
  1389238  1389317  
  1389495  1389587  
  1389817  1389895  
  1390328  1390419  
  1390646  1390743  
  1390854  1390922  
  1391318  1391382  
  1391774  1391859  
  1392120  1392160  
  1392487  1392500  
  1392544  1392586  
  1392695  1392703  
  1393064  1393072  
  1393259  1393273  
  1393367  1393419  
  1393730  1393763  
  1393962  1394041  
  1394483  1394529  
  1394545  1394603  
  1394807  1394830  
  1395023  1395060  
  1395338  1395402  
  1395836  1395923  
  1396077  1396129  
  1396350  1396440  
  1396849  1396913  
  1397006  1397040  
  1397522  1397578  
  1397615  1397669  
  1398025  1398057  
  1398287  1398338  
  1398528  1398616  
  1398996  1399084  
  1399316  1399373  
  1399418  1399484  
  1399634  1399635  
  1399689  1399779  
  1399951  1400030  
  1400258  1400266  
  1400436  1400464  
  1400607  1400678  
  1400869  1400875  
  1401355  1401390  
  1401743  1401793  
  1401996  1402085  
  1402523  1402579  
  1402668  1402767  
  1403241  1403291  
  1403629  1403711  
  1403966  1403996  
  1404358  1404448  
  1404531  1404622  
  1404721  1404749  
  1405036  1405111  
  1405609  1405632  
  1406042  1406100  
  1406244  1406287  
  1406325  1406337  
  1406611  1406669  
  1407087  1407156  
  1407165  1407176  
  1407502  1407594  
  1407951  1408005  
  1408242  1408315  
  1408370  1408446  
  1408925  1409012  
  1409270  1409309  
  1409618  1409634  
  1409667  1409733  
  1409742  1409806  
  1409874  1409903  
  1410140  1410141  
  1410538  1410619  
  1410632  1410686  
  1411135  1411184  
  1411647  1411703  
  1412154  1412191  
  1412467  1412508  
  1412898  1412970  
  1413292  1413382  
  1413549  1413628  
  1413681  1413712  
  1413934  1413948  
  1414019  1414060  
  1414488  1414530  
  1414864  1414891  
  1414991  1415025  
  1415518  1415592  
  1415986  1416000  
  1416226  1416309  
  1416607  1416627  
  1416927  1416976  
  1417464  1417486  
  1417976  1418031  
  1418373  1418420  
  1418821  1418841  
  1418992  1418998  
  1419050  1419073  
  1419523  1419544  
  1419704  1419713  
  1420030  1420048  
  1420277  1420323  
  1420518  1420559  
  1420850  1420949  
  1421382  1421448  
  1421926  1422010  
  1422324  1422401  
  1422478  1422557  
  1422722  1422751  
  1423090  1423185  
  1423639  1423732  
  1424106  1424144  
  1424158  1424171  
  1424630  1424698  
  1424774  1424805  
  1425140  1425149  
  1425428  1425451  
  1425940  1426036  
  1426053  1426097  
  1426469  1426548  
  1426625  1426631  
  1426697  1426734  
  1426777  1426808  
  1426906  1426914  
  1427072  1427160  
  1427413  1427436  
  1427592  1427617  
  1427988  1428021  
  1428516  1428585  
  1428941  1428975  
  1429339  1429426  
  1429871  1429943  
  1430362  1430427  
  1430637  1430646  
  1430691  1430789  
  1430986  1431045  
  1431287  1431303  
  1431331  1431406  
  1431612  1431622  
  1431946  1431999  
  1432452  1432543  
  1432822  1432879  
  1433107  1433205  
  1433234  1433255  
  1433565  1433623  
  1434079  1434124  
  1434162  1434220  
  1434456  1434549  
  1434729  1434799  
  1434952  1434977  
  1435065  1435133  
  1435308  1435351  
  1435822  1435826  
  1435835  1435924  
  1436099  1436119  
  1436236  1436302  
  1436584  1436659  
  1436968  1437050  
  1437105  1437188  
  1437470  1437486  
  1437863  1437868  
  1438035  1438114  
  1438503  1438534  
  1438970  1438978  
  1439030  1439054  
  1439374  1439406  
  1439568  1439579  
  1439589  1439667  
  1440000  1440008  
  1440443  1440456  
  1440694  1440724  
  1440956  1441039  
  1441499  1441541  
  1441804  1441891  
  1442231  1442271  
  1442365  1442451  
  1442519  1442606  
  1442819  1442882  
  1443317  1443331  
  1443736  1443787  
  1444270  1444299  
  1444412  1444480  
  1444746  1444837  
  1445030  1445042  
  1445150  1445236  
  1445621  1445657  
  1446156  1446210  
  1446335  1446417  
  1446452  1446470  
  1446671  1446685  
  1447053  1447119  
  1447515  1447541  
  1447881  1447971  
  1448337  1448376  
  1448498  1448584  
  1449048  1449111  
  1449370  1449421  
  1449605  1449628  
  1449788  1449789  
  1450069  1450149  
  1450485  1450537  
  1450698  1450782  
  1450948  1450982  
  1450986  1451050  
  1451317  1451414  
  1451660  1451758  
  1452223  1452244  
  1452444  1452537  
  1452858  1452945  
  1453046  1453127  
  1453277  1453299  
  1453325  1453410  
  1453626  1453678  
  1454152  1454195  
  1454438  1454497  
  1454814  1454825  
  1455077  1455121  
  1455439  1455499  
  1455954  1456024  
  1456260  1456289  
  1456301  1456309  
  1456773  1456851  
  1457236  1457254  
  1457691  1457724  
  1458209  1458268  
  1458446  1458459  
  1458858  1458937  
  1459413  1459437  
  1459882  1459968  
  1460119  1460120  
  1460149  1460190  
  1460635  1460729  
  1461143  1461179  
  1461218  1461304  
  1461685  1461722  
  1461948  1461981  
  1462357  1462380  
  1462634  1462705  
  1463085  1463161  
  1463505  1463565  
  1463943  1463979  
  1464137  1464202  
  1464457  1464524  
  1464706  1464717  
  1464831  1464832  
  1465207  1465232  
  1465417  1465490  
  1465937  1466003  
  1466270  1466321  
  1466334  1466416  
  1466770  1466776  
  1467016  1467031  
  1467401  1467412  
  1467495  1467572  
  1467736  1467810  
  1468163  1468181  
  1468211  1468289  
  1468580  1468630  
  1468641  1468693  
  1468886  1468936  
  1469233  1469248  
  1469294  1469328  
  1469682  1469708  
  1470088  1470098  
  1470486  1470552  
  1470894  1470955  
  1471067  1471136  
  1471372  1471403  
  1471600  1471678  
  1471916  1471966  
  1472311  1472368  
  1472600  1472642  
  1472996  1473069  
  1473177  1473179  
  1473307  1473376  
  1473393  1473462  
  1473856  1473932  
  1474035  1474132  
  1474291  1474339  
  1474536  1474584  
  1474742  1474781  
  1475195  1475232  
  1475460  1475461  
  1475518  1475532  
  1475580  1475627  
  1475876  1475943  
  1476089  1476092  
  1476384  1476456  
  1476475  1476526  
  1476921  1477006  
  1477371  1477432  
  1477769  1477850  
  1477971  1478035  
  1478370  1478423  
  1478857  1478916  
  1479269  1479301  
  1479660  1479733  
  1480226  1480263  
  1480751  1480819  
  1481261  1481264  
  1481440  1481489  
  1481721  1481756  
  1481861  1481952  
  1482211  1482232  
  1482526  1482539  
  1482786  1482825  
  1483244  1483279  
  1483310  1483370  
  1483505  1483598  
  1483951  1483999  
  1484384  1484463  
  1484523  1484541  
  1484782  1484863  
  1485068  1485134  
  1485385  1485393  
  1485554  1485593  
  1485898  1485961  
  1486165  1486237  
  1486682  1486738  
  1487125  1487138  
  1487315  1487387  
  1487884  1487942  
  1488125  1488173  
  1488459  1488493  
  1488984  1489063  
  1489093  1489110  
  1489227  1489317  
  1489573  1489662  
  1489768  1489857  
  1490203  1490224  
  1490279  1490331  
  1490553  1490650  
  1491094  1491126  
  1491282  1491301  
  1491651  1491725  
  1491734  1491787  
  1491976  1492066  
  1492409  1492422  
  1492753  1492848  
  1493237  1493280  
  1493313  1493322  
  1493684  1493694  
  1493851  1493896  
  1494373  1494403  
  1494836  1494912  
  1495353  1495368  
  1495816  1495904  
  1496004  1496005  
  1496257  1496273  
  1496536  1496539  
  1496832  1496915  
  1497368  1497404  
  1497793  1497892  
  1498228  1498229  
  1498262  1498352  
  1498603  1498626  
  1498664  1498688  
  1498963  1499017  
  1499283  1499371  
  1499500  1499563  
  1499616  1499653  
  1500039  1500132  
  1500344  1500384  
  1500789  1500797  
  1501271  1501276  
  1501341  1501345  
  1501376  1501461  
  1501650  1501748  
  1501976  1501991  
  1502423  1502471  
  1502822  1502911  
  1503194  1503234  
  1503296  1503329  
  1503467  1503549  
  1503927  1503979  
  1504073  1504152  
  1504269  1504321  
  1504478  1504511  
  1504999  1505091  
  1505451  1505521  
  1505995  1505999  
  1506352  1506441  
  1506849  1506946  
  1507147  1507193  
  1507376  1507442  
  1507545  1507623  
  1507873  1507892  
  1508349  1508444  
  1508550  1508575  
  1508664  1508688  
  1508699  1508793  
  1509004  1509017  
